1 200 256 1 
2 6 114 2 
3 266 126 2 
4 69 183 1 
5 212 233 2 
6 61 97 3 
7 209 78 2 
8 186 211 2 
9 165 216 1 
10 58 166 2 
11 153 265 3 
12 40 151 1 
13 81 214 1 
14 123 22 3 
15 162 130 1 
16 50 213 2 
17 154 199 2 
18 136 169 1 
19 64 224 1 
20 251 278 1 
21 99 15 2 
22 112 279 3 
23 3 38 2 
24 276 227 1 
25 230 23 2 
26 141 248 2 
27 128 243 1 
28 160 179 2 
29 21 5 3 
30 87 122 1 
31 121 88 2 
32 90 161 3 
33 124 225 3 
34 53 119 2 
35 250 271 3 
36 252 263 1 
37 174 1 2 
38 201 283 2 
39 205 135 1 
40 12 63 1 
41 60 54 3 
42 231 11 3 
43 120 14 1 
44 48 193 3 
45 109 172 2 
46 91 238 2 
47 177 239 2 
48 244 26 3 
49 79 254 3 
50 74 92 3 
51 44 291 3 
52 290 107 1 
53 286 104 1 
54 282 171 2 
55 236 217 2 
56 96 197 2 
57 255 49 3 
58 284 70 3 
59 77 277 2 
60 62 215 3 
61 137 39 1 
62 206 57 1 
63 82 223 3 
64 184 33 1 
65 28 125 2 
66 152 289 3 
67 189 2 2 
68 292 129 2 
69 42 203 2 
70 16 275 2 
71 56 110 3 
72 89 93 2 
73 25 194 2 
74 105 261 3 
75 20 168 1 
76 65 41 1 
77 133 242 2 
78 30 281 3 
79 117 144 3 
80 269 67 3 
81 85 262 1 
82 150 29 1 
83 145 268 1 
84 155 34 3 
85 84 163 1 
86 45 31 2 
87 103 226 3 
88 10 178 2 
89 76 73 2 
90 146 208 3 
91 131 287 1 
92 294 273 2 
93 297 7 3 
94 260 173 1 
95 234 98 1 
96 170 190 2 
97 264 195 2 
98 280 185 1 
99 13 111 2 
100 188 59 3 
101 249 19 1 
102 100 113 2 
103 198 27 3 
104 94 132 3 
105 138 142 3 
106 37 106 2 
107 167 272 3 
108 4 196 2 
109 66 134 3 
110 204 237 2 
111 71 187 3 
112 232 156 2 
113 270 127 3 
114 259 147 1 
115 176 51 2 
116 257 35 2 
117 157 83 2 
118 72 18 3 
119 192 101 2 
120 140 221 3 
121 228 24 2 
122 86 47 1 
123 148 8 1 
124 180 181 1 
125 36 46 2 
126 149 43 1 
127 229 274 3 
128 52 241 1 
129 182 285 3 
130 293 17 1 
131 55 207 1 
132 218 247 2 
133 118 253 3 
134 288 143 1 
135 296 219 1 
136 191 295 1 
137 258 32 2 
138 298 108 3 
139 202 175 2 
140 267 9 1 
141 102 220 3 
142 246 115 3 
143 210 159 3 
144 240 222 3 
145 164 75 3 
146 235 95 1 
147 158 68 1 
148 80 116 2 
149 139 245 3 
