1 266 200 3 
2 50 136 1 
3 126 209 1 
4 279 154 2 
5 233 15 3 
6 49 22 3 
7 81 120 2 
8 230 114 3 
9 97 38 1 
10 276 92 3 
11 69 186 1 
12 6 23 1 
13 243 11 2 
14 128 169 1 
15 292 193 2 
16 110 78 1 
17 141 112 1 
18 290 239 3 
19 7 31 1 
20 256 5 2 
21 265 166 3 
22 224 165 3 
23 199 40 1 
24 161 3 2 
25 99 61 2 
26 211 214 2 
27 212 251 3 
28 213 64 2 
29 137 172 1 
30 70 195 3 
31 261 129 2 
32 54 291 1 
33 227 87 2 
34 160 248 2 
35 12 85 3 
36 1 250 2 
37 179 174 2 
38 121 34 3 
39 25 170 2 
40 236 171 3 
41 187 55 3 
42 18 35 2 
43 225 162 2 
44 122 289 3 
45 183 194 2 
46 14 151 1 
47 90 130 1 
48 91 20 3 
49 79 278 2 
50 125 144 1 
51 294 67 2 
52 254 84 2 
53 107 263 1 
54 268 205 3 
55 134 59 1 
56 242 65 2 
57 273 86 2 
58 285 208 1 
59 96 271 3 
60 206 153 1 
61 77 252 2 
62 58 215 2 
63 277 216 1 
64 123 109 1 
65 28 82 1 
66 89 133 3 
67 201 27 1 
68 281 283 2 
69 53 142 1 
70 223 56 1 
71 41 238 2 
72 184 62 1 
73 93 26 2 
74 177 282 3 
75 124 63 1 
76 189 272 2 
77 94 181 1 
78 145 226 3 
79 74 106 1 
80 244 149 1 
81 156 113 2 
82 83 287 2 
83 66 293 2 
84 52 108 1 
85 260 131 3 
86 29 147 3 
87 104 237 3 
88 103 270 3 
89 221 21 1 
90 101 88 2 
91 234 57 2 
92 284 33 2 
93 39 264 1 
94 286 42 2 
95 188 135 2 
96 24 16 2 
97 269 132 1 
98 249 127 2 
99 207 150 1 
100 180 253 3 
101 259 71 3 
102 117 51 3 
103 168 163 2 
104 178 46 2 
105 232 197 2 
106 296 13 2 
107 198 275 2 
108 297 196 2 
109 44 146 2 
110 298 157 3 
111 175 267 3 
112 158 115 3 
113 255 152 1 
114 119 231 3 
115 48 111 2 
116 30 60 1 
117 148 274 1 
118 45 203 2 
119 155 217 2 
120 4 73 3 
121 138 8 1 
122 76 100 1 
123 258 116 2 
124 218 257 2 
125 32 229 2 
126 288 220 2 
127 143 245 1 
128 202 246 3 
129 228 2 3 
130 98 105 3 
131 37 280 2 
132 210 36 2 
133 185 262 2 
134 19 182 3 
135 167 10 3 
136 80 72 3 
137 176 75 1 
138 191 219 3 
139 192 68 3 
140 140 190 1 
141 173 159 3 
142 47 204 3 
143 9 95 1 
144 247 118 2 
145 295 222 3 
146 102 17 1 
147 241 235 2 
148 139 240 2 
149 43 164 1 
