1 114 110 2 
2 186 200 1 
3 97 31 3 
4 126 6 2 
5 266 128 3 
6 279 15 3 
7 251 161 2 
8 172 64 3 
9 54 28 1 
10 133 169 3 
11 38 69 3 
12 50 154 3 
13 233 120 2 
14 256 141 2 
15 49 250 3 
16 87 283 1 
17 82 7 3 
18 239 34 3 
19 124 12 1 
20 267 136 3 
21 22 40 1 
22 3 137 1 
23 213 92 3 
24 193 290 1 
25 276 292 3 
26 65 174 3 
27 121 223 1 
28 86 163 2 
29 170 131 3 
30 35 287 3 
31 236 285 3 
32 29 224 3 
33 165 199 2 
34 243 265 1 
35 99 11 3 
36 183 53 1 
37 206 211 3 
38 261 195 2 
39 123 77 1 
40 129 125 2 
41 41 130 3 
42 107 248 3 
43 20 238 2 
44 134 189 1 
45 25 83 2 
46 273 155 3 
47 51 66 1 
48 253 113 2 
49 237 143 3 
50 270 166 2 
51 271 81 3 
52 289 214 2 
53 252 85 1 
54 234 90 3 
55 277 84 3 
56 14 57 3 
57 39 79 2 
58 127 201 2 
59 187 282 1 
60 151 242 2 
61 269 55 2 
62 177 203 1 
63 71 275 2 
64 52 96 2 
65 9 257 2 
66 176 115 1 
67 61 230 1 
68 88 21 1 
69 281 212 1 
70 109 70 2 
71 291 58 1 
72 179 153 1 
73 278 112 1 
74 231 205 2 
75 171 197 3 
76 188 132 3 
77 93 74 2 
78 260 94 3 
79 108 158 2 
80 13 293 2 
81 122 146 2 
82 78 23 1 
83 56 162 3 
84 294 1 1 
85 254 27 1 
86 42 216 3 
87 215 184 1 
88 286 208 2 
89 26 48 1 
90 264 135 2 
91 62 59 2 
92 150 226 1 
93 207 249 3 
94 30 232 1 
95 18 244 1 
96 46 24 3 
97 262 106 1 
98 181 36 2 
99 149 148 1 
100 147 274 2 
101 157 196 1 
102 221 138 3 
103 204 116 3 
104 76 229 3 
105 288 219 3 
106 68 5 2 
107 140 225 1 
108 209 160 2 
109 89 227 2 
110 268 144 2 
111 284 263 2 
112 272 98 2 
113 45 178 1 
114 104 185 2 
115 103 191 3 
116 139 222 1 
117 194 255 3 
118 91 33 3 
119 142 119 2 
120 2 168 1 
121 63 145 1 
122 156 228 3 
123 296 297 3 
124 190 73 3 
125 10 44 3 
126 198 182 3 
127 17 298 1 
128 101 32 2 
129 245 218 1 
130 235 246 3 
131 217 67 1 
132 111 280 1 
133 60 180 3 
134 8 72 3 
135 220 43 1 
136 118 16 3 
137 175 105 3 
138 192 295 2 
139 37 117 3 
140 159 259 3 
141 173 4 3 
142 95 47 1 
143 164 80 2 
144 100 19 2 
145 202 167 1 
146 247 102 2 
147 152 75 1 
148 241 258 1 
149 210 240 1 
