1 40 165 3 
2 256 284 1 
3 22 161 2 
4 162 58 2 
5 212 69 2 
6 88 278 2 
7 15 50 3 
8 122 126 2 
9 200 120 1 
10 11 23 2 
11 6 48 1 
12 136 209 2 
13 224 141 1 
14 261 114 3 
15 279 99 2 
16 21 87 1 
17 216 255 2 
18 250 39 1 
19 57 81 2 
20 166 189 2 
21 190 211 3 
22 130 277 2 
23 265 77 2 
24 215 283 2 
25 28 183 3 
26 97 152 1 
27 98 174 3 
28 184 214 2 
29 249 266 3 
30 78 82 1 
31 137 151 2 
32 169 271 1 
33 33 90 2 
34 154 206 2 
35 1 61 3 
36 195 233 3 
37 291 227 2 
38 64 236 2 
39 14 20 2 
40 54 94 1 
41 132 172 3 
42 193 225 3 
43 238 167 1 
44 179 239 2 
45 276 30 2 
46 85 109 2 
47 186 269 1 
48 76 79 2 
49 230 286 2 
50 3 45 1 
51 243 221 1 
52 16 49 3 
53 70 153 3 
54 173 135 3 
55 124 223 2 
56 125 142 2 
57 213 228 1 
58 272 2 2 
59 19 62 2 
60 89 170 1 
61 199 234 1 
62 263 47 1 
63 60 119 2 
64 112 148 1 
65 25 53 3 
66 129 185 1 
67 205 241 1 
68 252 292 2 
69 27 34 3 
70 38 43 1 
71 106 138 2 
72 194 293 1 
73 36 150 3 
74 264 26 2 
75 41 55 1 
76 59 105 3 
77 111 123 3 
78 146 147 2 
79 171 181 1 
80 92 294 1 
81 128 296 1 
82 44 66 2 
83 290 17 1 
84 217 242 2 
85 257 107 2 
86 187 231 2 
87 144 251 3 
88 37 145 2 
89 178 204 1 
90 31 71 1 
91 197 201 2 
92 83 163 3 
93 104 192 2 
94 248 117 1 
95 133 155 2 
96 287 51 2 
97 10 160 3 
98 260 7 3 
99 5 24 1 
100 12 210 1 
101 13 121 3 
102 196 240 1 
103 262 275 2 
104 180 244 3 
105 29 56 2 
106 93 168 2 
107 226 270 1 
108 182 237 2 
109 35 75 1 
110 72 203 3 
111 156 188 2 
112 288 4 3 
113 65 110 2 
114 149 232 2 
115 289 42 2 
116 131 198 1 
117 219 63 3 
118 176 235 1 
119 32 74 3 
120 84 108 1 
121 177 258 1 
122 18 67 2 
123 254 295 1 
124 268 207 2 
125 208 218 1 
126 220 273 3 
127 274 73 2 
128 91 127 1 
129 267 282 3 
130 68 96 3 
131 140 157 3 
132 175 253 2 
133 102 246 2 
134 297 115 1 
135 280 86 2 
136 100 8 1 
137 46 113 2 
138 222 118 2 
139 134 229 2 
140 285 159 1 
141 52 80 1 
142 247 259 3 
143 164 202 2 
144 103 143 1 
145 101 139 1 
146 116 298 3 
147 9 191 3 
148 245 281 3 
149 95 158 2 
