1 200 136 1 
2 97 266 3 
3 126 279 2 
4 22 154 2 
5 15 209 2 
6 230 81 2 
7 114 69 2 
8 224 50 3 
9 6 11 2 
10 3 49 3 
11 233 251 1 
12 64 120 3 
13 193 243 2 
14 128 110 2 
15 38 227 1 
16 291 276 3 
17 141 78 2 
18 92 179 1 
19 186 225 1 
20 165 5 2 
21 199 211 2 
22 161 256 2 
23 265 214 2 
24 40 99 2 
25 61 137 2 
26 162 23 3 
27 169 289 1 
28 70 213 2 
29 183 292 3 
30 129 87 2 
31 250 54 2 
32 112 20 1 
33 1 12 2 
34 263 290 3 
35 67 7 3 
36 273 239 3 
37 65 31 3 
38 18 171 2 
39 96 166 3 
40 271 212 3 
41 216 195 3 
42 261 123 1 
43 130 194 2 
44 172 184 1 
45 160 223 1 
46 174 27 1 
47 121 124 1 
48 85 26 1 
49 238 248 3 
50 177 170 3 
51 236 272 1 
52 25 282 1 
53 294 254 2 
54 242 107 2 
55 268 134 2 
56 34 74 1 
57 187 52 1 
58 55 260 1 
59 101 35 3 
60 21 122 3 
61 215 77 2 
62 206 277 2 
63 153 58 2 
64 252 28 2 
65 151 234 1 
66 264 90 3 
67 14 39 1 
68 201 89 2 
69 56 133 2 
70 278 42 1 
71 283 53 2 
72 109 142 2 
73 91 24 1 
74 135 79 3 
75 16 125 3 
76 144 286 1 
77 132 205 3 
78 59 180 1 
79 84 168 1 
80 86 275 1 
81 113 244 2 
82 156 145 2 
83 293 226 2 
84 285 197 1 
85 108 83 2 
86 29 104 2 
87 208 267 1 
88 88 131 2 
89 152 82 3 
90 119 62 3 
91 41 48 1 
92 231 281 3 
93 60 63 3 
94 111 93 3 
95 189 203 1 
96 181 30 1 
97 94 4 1 
98 150 253 2 
99 106 155 1 
100 149 45 1 
101 51 127 2 
102 232 178 2 
103 259 13 2 
104 71 163 2 
105 8 66 3 
106 196 44 2 
107 287 217 1 
108 237 76 1 
109 157 297 2 
110 288 147 3 
111 270 32 1 
112 220 103 3 
113 221 202 1 
114 158 255 2 
115 284 228 1 
116 57 2 1 
117 33 210 1 
118 188 37 1 
119 269 105 1 
120 280 249 3 
121 36 207 3 
122 198 19 1 
123 46 262 1 
124 117 182 1 
125 10 296 3 
126 218 73 2 
127 258 100 2 
128 146 191 1 
129 116 229 2 
130 176 298 3 
131 192 175 3 
132 246 98 2 
133 115 190 1 
134 159 274 3 
135 47 148 3 
136 167 80 2 
137 204 138 3 
138 72 219 2 
139 222 257 3 
140 143 9 1 
141 102 245 3 
142 140 173 2 
143 17 185 3 
144 95 247 2 
145 235 75 3 
146 118 295 2 
147 68 43 1 
148 241 139 2 
149 240 164 2 
