1 128 114 3 
2 200 6 1 
3 97 126 1 
4 110 38 1 
5 31 279 2 
6 266 154 1 
7 251 64 2 
8 172 54 2 
9 186 136 1 
10 15 40 1 
11 161 213 1 
12 92 28 3 
13 290 133 3 
14 169 292 1 
15 87 239 2 
16 7 124 2 
17 86 69 3 
18 35 50 3 
19 233 165 1 
20 120 243 1 
21 256 183 1 
22 206 49 3 
23 141 261 1 
24 195 250 3 
25 283 41 1 
26 248 82 3 
27 25 34 3 
28 12 134 1 
29 131 163 2 
30 287 236 2 
31 113 267 3 
32 224 199 2 
33 22 166 1 
34 265 11 2 
35 3 81 1 
36 137 252 1 
37 193 289 1 
38 53 211 2 
39 123 129 2 
40 276 90 1 
41 77 125 2 
42 174 84 1 
43 107 20 2 
44 65 79 1 
45 121 201 1 
46 223 242 1 
47 66 273 2 
48 55 170 3 
49 52 285 3 
50 230 29 3 
51 109 99 3 
52 277 85 2 
53 130 278 1 
54 238 112 1 
55 282 127 2 
56 189 197 1 
57 188 83 3 
58 187 269 2 
59 74 51 3 
60 253 260 1 
61 155 108 1 
62 237 13 1 
63 293 270 3 
64 115 9 2 
65 143 122 1 
66 23 271 3 
67 78 214 3 
68 281 21 2 
69 162 234 3 
70 70 179 2 
71 153 291 2 
72 42 14 3 
73 254 39 3 
74 27 57 3 
75 205 171 2 
76 135 151 3 
77 208 177 3 
78 203 62 1 
79 226 71 3 
80 275 181 1 
81 96 221 1 
82 196 176 3 
83 219 257 3 
84 229 61 3 
85 209 88 3 
86 227 212 3 
87 58 89 1 
88 1 216 2 
89 268 231 3 
90 286 215 2 
91 26 184 2 
92 132 263 1 
93 93 272 1 
94 94 98 1 
95 232 207 2 
96 249 30 2 
97 244 24 2 
98 46 18 2 
99 262 36 2 
100 147 157 2 
101 103 146 3 
102 104 158 3 
103 76 68 2 
104 5 225 2 
105 56 194 1 
106 294 91 1 
107 144 284 2 
108 264 142 1 
109 48 168 1 
110 145 150 3 
111 156 59 3 
112 73 106 3 
113 10 148 3 
114 44 274 3 
115 149 198 1 
116 298 138 3 
117 32 204 3 
118 116 218 1 
119 288 245 1 
120 191 139 2 
121 246 160 3 
122 140 67 1 
123 119 2 2 
124 45 111 1 
125 296 190 2 
126 178 60 1 
127 185 180 1 
128 72 222 3 
129 295 255 3 
130 16 33 3 
131 105 63 3 
132 117 228 3 
133 297 173 1 
134 259 17 3 
135 182 4 1 
136 47 101 3 
137 8 220 2 
138 80 235 3 
139 95 217 3 
140 118 175 2 
141 37 159 2 
142 280 19 1 
143 43 202 1 
144 192 152 1 
145 164 100 2 
146 167 102 2 
147 247 258 1 
148 240 75 3 
149 210 241 2 
