1 200 279 1 
2 114 50 2 
3 266 22 1 
4 92 126 1 
5 97 141 1 
6 154 243 2 
7 128 233 3 
8 120 15 2 
9 137 54 3 
10 110 195 2 
11 85 239 3 
12 7 55 2 
13 69 136 1 
14 256 199 3 
15 209 6 3 
16 166 251 3 
17 3 165 3 
18 64 81 3 
19 87 261 2 
20 248 129 3 
21 276 290 3 
22 38 179 1 
23 1 186 3 
24 171 31 2 
25 170 224 3 
26 161 11 1 
27 99 183 2 
28 211 230 3 
29 49 213 2 
30 289 123 3 
31 277 14 2 
32 169 193 1 
33 90 278 1 
34 292 79 1 
35 174 121 1 
36 250 134 3 
37 205 34 2 
38 124 187 2 
39 94 236 3 
40 86 147 3 
41 270 35 1 
42 285 225 2 
43 5 265 3 
44 61 40 1 
45 23 206 1 
46 214 58 1 
47 172 70 2 
48 28 160 1 
49 291 91 1 
50 78 283 2 
51 20 53 3 
52 227 133 2 
53 41 112 3 
54 125 223 3 
55 12 67 2 
56 184 84 3 
57 268 107 3 
58 65 25 2 
59 253 242 1 
60 74 18 1 
61 293 221 2 
62 271 122 1 
63 88 162 1 
64 212 194 3 
65 153 57 2 
66 281 77 1 
67 130 234 3 
68 56 82 3 
69 294 151 2 
70 42 238 2 
71 201 16 3 
72 26 254 2 
73 282 188 2 
74 62 269 2 
75 189 226 3 
76 272 249 1 
77 197 263 2 
78 71 168 1 
79 208 59 2 
80 51 273 2 
81 156 163 2 
82 244 287 2 
83 46 66 3 
84 113 260 1 
85 131 52 2 
86 108 146 3 
87 157 29 2 
88 237 96 2 
89 267 104 2 
90 21 101 3 
91 109 252 2 
92 216 231 1 
93 215 39 1 
94 27 48 1 
95 127 144 1 
96 132 93 1 
97 24 145 1 
98 155 259 2 
99 207 203 1 
100 148 178 3 
101 83 296 1 
102 275 149 2 
103 13 297 3 
104 196 198 1 
105 72 257 2 
106 176 116 3 
107 229 158 3 
108 68 115 3 
109 140 255 1 
110 33 89 3 
111 2 284 1 
112 142 286 1 
113 105 135 3 
114 280 177 1 
115 30 63 3 
116 60 45 1 
117 36 180 1 
118 181 159 2 
119 106 232 3 
120 10 185 2 
121 182 73 1 
122 76 44 1 
123 138 219 2 
124 9 103 2 
125 143 175 1 
126 245 264 3 
127 246 111 3 
128 217 98 2 
129 150 117 2 
130 204 80 3 
131 258 8 2 
132 32 298 2 
133 218 288 1 
134 220 118 1 
135 222 228 1 
136 102 119 2 
137 152 173 2 
138 262 37 3 
139 274 210 3 
140 19 4 3 
141 47 100 3 
142 235 247 1 
143 191 202 3 
144 295 167 3 
145 75 95 1 
146 139 192 2 
147 190 17 3 
148 241 43 3 
149 240 164 2 
