荀彧 0 3 1 0 171 172 173 139
荀攸 1 3 2 0 265 266 263 237
贾诩 2 2 1 0 278 277 280 111
郭嘉 2 0 2 0 136 135 134 144
程昱 0 4 1 0 210 209 212 226
戏志才 0 4 1 0 275 276 277 4
刘晔 2 1 0 0 11 12 13 27
蒋济 1 2 1 0 55 56 57 294
陈群 1 1 1 0 155 156 157 107
华歆 0 2 3 0 192 191 190 164
钟繇 0 2 1 0 17 18 15 101
满宠 2 1 2 0 154 153 156 137
董昭 1 1 1 0 297 298 295 3
王朗 1 3 0 0 203 204 205 211
崔琰 1 3 1 0 138 137 140 153
毛玠 0 3 1 0 158 157 160 185
杜畿 1 1 1 0 26 25 28 37
田畴 1 3 1 0 147 148 149 119
王修 2 2 1 0 49 50 47 69
杨修 2 2 1 0 106 105 108 162
辛毗 1 3 2 0 216 215 214 5
杨阜 2 1 2 0 36 35 34 40
田豫 1 1 2 0 260 259 258 10
王粲 1 3 2 0 184 183 182 196
蒯越 0 4 2 0 252 251 250 280
张继 2 2 1 0 77 78 75 97
杜袭 2 0 1 0 279 280 281 251
枣祗任峻 2 2 2 0 228 227 226 256
陈矫 2 0 2 0 261 262 259 242
郗虑 0 4 0 0 223 224 225 247
桓玠 0 4 2 0 142 141 144 134
丁仪 2 2 2 0 174 173 176 166
丁廙 2 2 2 0 97 98 95 77
司马朗 0 4 1 0 34 33 36 86
韩暨 2 1 2 0 6 5 8 264
韦康 1 2 0 0 235 236 237 291
邴原 1 1 2 0 172 171 170 188
赵俨 0 2 2 0 245 246 243 197
娄圭 1 2 0 0 63 64 65 151
贾逵 2 0 1 0 201 202 199 209
陈琳 0 4 2 0 8 7 6 16
司马懿 2 0 3 0 144 143 142 136
张辽 2 0 3 0 248 247 246 224
徐晃 1 3 3 0 196 195 194 184
夏侯惇 2 0 2 0 286 285 288 269
夏侯渊 1 1 3 0 140 139 138 132
庞德 2 0 0 0 7 8 9 15
张郃 2 0 2 0 224 223 222 248
李典 1 2 2 0 290 289 292 234
乐进 0 2 3 0 68 67 66 32
典韦 1 1 1 0 91 92 93 79
曹洪 0 4 1 0 19 20 21 285
曹仁 0 2 2 0 32 31 30 68
曹彰 2 2 3 0 256 255 254 228
曹纯 2 0 0 0 99 100 101 123
于禁 2 0 1 0 242 241 244 261
许褚 0 3 2 0 222 221 224 217
吕虔 1 2 2 0 150 149 152 62
李通 2 2 1 0 283 284 285 271
文聘 2 2 2 0 272 271 270 284
臧霸 2 1 2 0 204 203 202 212
郭淮 1 2 0 0 179 180 181 219
钟会 2 0 2 0 48 47 46 104
邓艾 0 2 1 0 95 96 97 83
曹休 1 1 0 0 51 52 53 59
张燕 1 3 1 0 237 238 235 265
张绣 2 1 2 0 94 93 96 82
朱灵 2 0 1 0 30 29 32 33
路昭 1 3 1 0 263 264 265 44
史涣 1 1 0 0 107 108 109 155
韩浩 1 1 2 0 157 158 155 109
王凌 0 3 0 0 139 140 141 171
孙礼 0 4 2 0 24 23 22 72
秦朗 2 2 1 0 255 256 257 227
郑文 0 2 3 0 268 267 266 208
夏侯尚 0 4 1 0 199 200 201 159
毌丘俭 0 3 3 0 92 91 90 80
诸葛诞 0 3 1 0 9 10 7 25
孙乾 0 2 2 0 84 83 82 96
简雍 2 0 1 0 85 86 83 90
糜竺 2 0 2 0 14 13 16 276
糜芳 2 2 2 0 21 22 19 1
庞统 0 2 1 0 67 68 69 282
法正 2 2 1 0 78 77 80 98
许靖 2 2 3 0 112 111 110 88
马良 0 4 2 0 240 239 238 244
徐庶 2 2 2 0 161 162 159 105
陈震 0 2 1 0 267 268 269 207
杨仪 2 0 0 0 239 240 241 243
费祎 1 2 1 0 42 41 44 54
蒋琬 1 1 1 0 287 288 289 231
孟优 2 1 1 0 238 237 240 266
黄皓 0 4 1 0 134 133 136 142
诸葛亮 0 2 0 0 163 164 165 191
关羽 2 1 2 0 206 205 208 193
张飞 2 0 2 0 33 34 31 30
马超 0 4 2 0 202 201 204 146
黄忠 0 4 0 0 159 160 161 199
赵云 0 3 1 0 217 218 215 222
魏延 2 2 1 0 165 166 163 173
关平 2 0 2 0 145 146 143 141
周仓 0 4 2 0 226 225 228 210
关兴 1 2 2 0 56 55 54 64
张苞 1 1 2 0 10 9 12 260
陈到 0 2 0 0 207 208 209 267
李严 2 2 2 0 69 70 67 49
姜维 1 1 1 0 109 110 107 157
廖化 1 2 3 0 180 179 178 152
马谡 2 1 1 0 122 121 124 129
马岱 1 2 1 0 295 296 297 76
陈式 1 3 2 0 153 154 151 138
雷铜 1 2 1 0 294 293 296 55
吴兰 0 2 2 0 101 102 99 17
王平 0 3 2 0 232 231 230 288
任夔 2 0 2 0 160 159 158 200
张翼 0 2 2 0 274 273 276 254
马忠 2 1 3 0 148 147 146 120
张南 1 2 1 0 170 169 172 178
冯习 1 2 1 0 291 292 293 235
傅佥 1 2 3 0 64 63 62 56
关索 2 2 2 0 173 174 171 165
陆逊 2 0 1 0 126 125 128 133
张昭 1 1 1 0 186 185 188 218
张紘 2 0 1 0 141 142 139 145
鲁肃 1 2 2 0 289 290 287 233
虞翻 2 2 2 0 250 249 252 190
顾雍 2 1 2 0 129 130 127 122
诸葛谨 1 3 1 0 81 82 79 93
诸葛恪 1 3 3 0 28 27 26 12
陆凯 1 2 1 0 293 294 291 43
骆统 2 0 3 0 104 103 102 48
周鲂 1 2 3 0 296 295 294 292
周瑜 2 1 2 0 264 263 262 6
吕蒙 1 2 2 0 149 150 147 61
甘宁 0 4 1 0 89 90 87 113
太史慈 2 0 3 0 200 199 198 160
程普 0 3 2 0 110 109 112 73
黄盖 0 4 3 0 72 71 70 24
韩当 2 2 1 0 50 49 52 70
周泰 1 1 0 0 167 168 169 175
蒋钦 0 4 1 0 247 248 249 223
丁奉 1 3 2 0 5 6 3 216
徐盛 0 4 1 0 13 14 11 29
陈武 2 2 2 0 98 97 100 78
凌操 0 3 0 0 187 188 189 259
凌统 0 3 2 0 298 297 1 257
潘璋 2 1 2 0 120 119 118 148
朱然 2 1 2 0 266 265 268 238
孙桓 2 0 2 0 90 89 92 85
马忠 2 0 1 0 114 113 116 117
孙韶 1 2 1 0 151 152 153 63
朱桓 2 2 2 0 22 21 24 2
夏恂 1 2 1 0 182 181 184 214
周平 1 3 1 0 57 58 55 65
全琮 2 1 1 0 193 194 191 206
于诠 2 2 1 0 87 88 89 277
张角 1 2 1 0 219 220 221 179
何进 2 2 3 0 284 283 282 272
董卓 0 2 2 0 164 163 162 192
袁绍 1 1 0 0 79 80 81 91
吕布 0 4 1 0 146 145 148 202
袁术 2 0 1 0 269 270 267 286
刘表 1 3 2 0 130 129 132 121
刘璋 1 2 1 0 62 61 64 150
马腾 1 3 2 0 93 94 91 81
张鲁 0 2 3 0 128 127 126 116
韩遂 0 4 3 0 244 243 242 240
公孙瓒 2 0 1 0 225 226 223 230
韩馥 0 3 2 0 80 79 78 92
刘岱 1 1 1 0 3 4 5 297
王匡 0 3 1 0 73 74 71 110
张邈 0 2 1 0 191 192 193 163
孔伷 0 3 1 0 259 260 261 187
陶谦 2 2 2 0 88 87 86 112
鲍信 0 4 0 0 47 48 49 103
桥瑁 0 4 0 0 135 136 137 143
袁遗 0 3 3 0 60 59 58 52
孔融 0 4 1 0 262 261 264 270
张超 1 1 2 0 76 75 74 295
张杨 2 0 2 0 276 275 274 14
刘度 1 3 1 0 121 122 119 130
赵范 0 4 2 0 100 99 98 124
金旋 1 3 1 0 39 40 41 35
韩玄 2 2 1 0 111 112 113 278
张宝 0 4 2 0 29 30 27 13
张梁 0 4 1 0 118 117 120 125
程远志 2 1 1 0 27 28 29 11
邓茂 1 2 3 0 236 235 234 220
马元义 2 0 1 0 71 72 73 23
赵弘 2 0 2 0 133 134 131 126
韩忠 1 2 2 0 292 291 290 296
孙夏 1 1 1 0 175 176 177 167
管亥 1 2 1 0 234 233 236 290
何仪 1 1 2 0 132 131 130 140
刘辟 2 1 0 0 183 184 185 195
龚都 2 1 3 0 40 39 38 36
裴元绍 0 3 3 0 156 155 154 108
高升 1 1 0 0 231 232 233 287
张闿 2 1 2 0 66 65 68 58
韩暹 1 1 1 0 59 60 61 51
李乐 1 1 1 0 221 222 219 258
杨奉 0 2 2 0 102 101 104 18
董承 2 2 1 0 2 1 4 22
王子服 2 2 0 0 227 228 229 255
李儒 2 2 1 0 166 165 168 174
陈宫 1 2 1 0 181 182 179 213
田丰 0 2 1 0 197 198 195 245
沮授 0 3 1 0 38 37 40 46
审配 0 4 1 0 285 286 283 19
许攸 0 2 1 0 254 253 256 274
郭图 1 3 2 0 12 11 10 28
逢纪 0 3 0 0 75 76 77 131
辛评 0 4 3 0 16 15 14 8
荀谌 0 4 3 0 280 279 278 252
辛毗 1 2 2 0 44 43 42 263
陈登 1 3 1 0 211 212 213 203
蒯良 1 2 1 0 233 234 231 289
王累 1 2 2 0 220 219 218 236
韩胤 1 3 2 0 205 206 203 194
沮鹄 2 2 1 0 1 2 298 21
杨弘 2 0 0 0 251 252 253 279
阎象 2 2 1 0 189 190 187 249
蒯越 2 2 1 0 105 106 103 161
伍孚 2 2 1 0 277 278 275 87
李傕 0 4 1 0 143 144 145 135
郭汜 1 2 2 0 178 177 180 170
颜良 0 3 2 0 168 167 166 176
文丑 1 2 2 0 54 53 56 42
潘凤 0 2 2 0 208 207 206 268
俞涉 2 1 1 0 137 138 135 154
武安国 0 2 2 0 116 115 114 128
穆顺 1 1 2 0 74 73 76 45
华雄 0 4 2 0 241 242 239 229
牛辅 0 3 2 0 108 107 106 156
张济 2 0 2 0 117 118 115 114
樊稠 0 2 1 0 31 32 33 281
胡轸 1 2 1 0 61 62 59 149
胡车儿 2 2 2 0 70 69 72 50
李肃 0 3 3 0 288 287 286 232
高顺 2 1 1 0 215 216 217 20
张任 2 2 1 0 190 189 192 250
高览 0 3 2 0 25 26 23 9
曹性 1 2 2 0 214 213 216 182
闵纯 0 2 1 0 282 281 284 67
纪灵 2 2 2 0 249 250 247 189
马休 2 0 0 0 23 24 25 71
马铁 0 2 3 0 96 95 94 84
高览 0 4 1 0 103 104 105 47
袁谭 2 0 1 0 123 124 125 99
袁熙 0 4 1 0 229 230 227 241
袁尚 0 2 1 0 253 254 251 273
高干 0 2 2 0 246 245 248 198
麴义 1 2 2 0 152 151 150 180
吕翔 2 0 2 0 209 210 207 201
吕旷 0 4 2 0 125 126 123 118
韩猛 0 2 2 0 273 274 271 253
淳于琼 0 2 1 0 18 17 20 102
焦触 0 2 1 0 127 128 129 115
张南 2 0 2 0 20 19 18 215
马延 2 0 2 0 230 229 232 225
雷薄 1 3 1 0 194 193 196 205
张勋 0 3 2 0 52 51 50 60
陈纪 0 4 2 0 113 114 111 89
桥蕤 1 2 2 0 213 214 211 181
郝萌 0 2 1 0 198 197 200 246
侯成 1 2 1 0 41 42 39 53
宋宪 0 4 2 0 86 85 88 34
魏续 2 2 0 0 271 272 273 283
成廉 2 0 1 0 243 244 245 239
蔡瑁 2 1 1 0 195 196 197 183
张允 2 1 1 0 82 81 84 94
黄祖 2 2 2 0 162 161 164 106
苏飞 0 2 1 0 281 282 279 31
吕公 1 2 1 0 169 170 167 177
侯选 0 3 3 0 176 175 174 168
程银 0 3 1 0 131 132 133 75
李堪 1 1 2 0 37 38 35 26
张横 1 2 2 0 53 54 51 41
梁兴 0 3 2 0 4 3 2 275
成宜 0 3 2 0 46 45 48 38
马玩 2 1 1 0 58 57 60 66
杨秋 0 4 2 0 270 269 272 262
张让 0 3 1 0 257 258 255 298
赵忠 0 4 3 0 124 123 122 100
封谞 2 0 1 0 15 16 17 7
段珪 1 1 1 0 45 46 43 74
曹节 1 3 0 0 35 36 37 39
侯览 1 1 2 0 218 217 220 186
蹇硕 1 3 2 0 65 66 63 57
程旷 1 1 2 0 258 257 260 221
夏恽 1 3 0 0 119 120 121 147
郭胜 1 1 3 0 188 187 186 172
吕伯奢 1 2 2 0 177 178 175 169
普净 2 1 3 0 212 211 210 204
华佗 0 2 0 0 115 116 117 127
于吉 0 2 0 0 83 84 85 95
左慈 1 2 1 0 43 44 45 293
吉平 0 3 2 0 185 186 183 158
