1 165 200 1 
2 114 110 1 
3 31 266 3 
4 97 69 2 
5 279 233 2 
6 120 6 3 
7 251 92 1 
8 141 195 2 
9 186 50 1 
10 171 128 2 
11 126 154 3 
12 230 243 2 
13 81 123 2 
14 129 169 1 
15 112 174 1 
16 133 239 1 
17 285 101 3 
18 224 15 2 
19 166 22 2 
20 265 23 3 
21 160 289 3 
22 290 137 2 
23 54 292 1 
24 291 53 1 
25 38 234 1 
26 14 90 1 
27 7 84 2 
28 65 67 2 
29 134 34 2 
30 205 226 3 
31 71 157 2 
32 267 209 3 
33 161 61 1 
34 78 3 3 
35 58 70 1 
36 193 130 3 
37 87 283 1 
38 179 277 3 
39 107 41 2 
40 238 254 1 
41 236 208 2 
42 51 253 2 
43 273 244 3 
44 55 270 2 
45 146 136 1 
46 199 271 3 
47 183 256 3 
48 64 11 2 
49 88 49 3 
50 261 248 2 
51 194 213 3 
52 85 227 2 
53 281 223 2 
54 1 268 1 
55 82 26 1 
56 215 132 1 
57 188 269 3 
58 187 121 2 
59 25 62 3 
60 74 272 1 
61 156 18 1 
62 163 287 2 
63 66 35 1 
64 113 170 3 
65 52 36 2 
66 72 147 1 
67 182 96 2 
68 158 221 2 
69 115 99 2 
70 122 214 3 
71 212 91 2 
72 216 211 3 
73 276 28 2 
74 33 294 3 
75 231 42 3 
76 250 12 2 
77 135 27 3 
78 207 86 1 
79 263 24 3 
80 297 106 1 
81 178 298 2 
82 296 116 2 
83 143 140 2 
84 225 40 3 
85 278 172 1 
86 125 153 3 
87 57 89 3 
88 39 127 3 
89 201 184 1 
90 142 105 3 
91 16 242 1 
92 59 144 3 
93 168 189 1 
94 124 37 2 
95 155 280 1 
96 259 94 1 
97 197 249 2 
98 131 10 1 
99 203 185 2 
100 108 196 1 
101 275 176 3 
102 257 80 3 
103 103 76 3 
104 29 220 1 
105 104 9 2 
106 118 175 2 
107 5 222 3 
108 206 252 1 
109 56 162 3 
110 79 20 3 
111 151 282 2 
112 48 152 3 
113 111 83 1 
114 150 237 1 
115 117 159 1 
116 44 293 3 
117 32 46 3 
118 138 258 1 
119 192 21 1 
120 77 109 3 
121 286 145 1 
122 284 93 1 
123 2 232 2 
124 63 148 1 
125 45 30 3 
126 149 210 2 
127 167 13 1 
128 8 218 1 
129 204 235 2 
130 68 246 3 
131 255 177 2 
132 98 262 1 
133 217 60 1 
134 260 198 3 
135 4 100 1 
136 75 139 2 
137 191 102 3 
138 202 240 3 
139 17 119 2 
140 73 264 3 
141 181 95 1 
142 47 229 2 
143 288 219 1 
144 247 295 3 
145 180 19 1 
146 245 173 3 
147 190 274 3 
148 228 43 2 
149 241 164 3 
