荀彧 19 1186 7 0 171 172 173 139 181 291 282 226 208 18 236 186 31 147 7 126 128
荀攸 17 1360 8 0 265 266 263 237 77 277 153 126 22 214 166 225 5 61 15 199 23
贾诩 13 1276 8 0 278 277 280 111 88 169 251 1 23 42 79 201 90 283 212 40 172
郭嘉 15 1488 8 0 136 135 134 144 209 3 169 212 6 200 50 199 69 256 126 166 146
程昱 11 1087 9 0 210 209 212 226 12 280 159 102 173 33 36 185 274 4 181 196 149
戏志才 13 1081 8 0 275 276 277 4 262 47 16 231 293 86 198 196 149 260 182 36 176
刘晔 15 1343 8 0 11 12 13 27 23 209 231 271 212 6 243 233 161 211 172 153 64
蒋济 16 1127 8 0 55 56 57 294 41 262 207 296 217 260 187 5 7 186 285 253 270
陈群 13 1150 7 0 155 156 157 107 133 145 34 52 204 106 217 150 259 249 60 197 280
华歆 12 934 8 0 192 191 190 164 104 96 101 220 267 175 68 118 139 95 245 202 21
钟繇 9 1109 8 0 17 18 15 101 290 29 293 207 198 185 102 164 190 262 228 47 119
满宠 18 1381 8 0 154 153 156 137 206 129 199 252 162 22 279 128 243 6 50 161 126
董昭 14 1123 9 0 297 298 295 3 115 287 7 267 32 157 196 198 13 131 66 178 106
王朗 13 1125 8 0 203 204 205 211 72 28 42 263 48 189 45 217 207 93 232 30 185
崔琰 12 1068 8 0 138 137 140 153 106 60 142 167 51 204 8 146 219 80 298 198 258
毛玠 15 987 8 0 158 157 160 185 95 72 68 140 220 255 115 119 229 122 5 147 221
杜畿 15 1215 8 0 26 25 28 37 264 132 244 160 276 85 93 238 254 282 84 184 82
田畴 15 1086 8 0 147 148 149 119 146 91 259 235 287 288 29 52 86 171 101 158 72
王修 15 1322 8 0 49 50 47 69 16 166 255 215 216 3 22 243 213 214 289 160 88
杨修 14 1111 9 0 106 105 108 162 138 1 37 113 94 155 74 168 232 180 159 83 297
辛毗 14 1273 8 0 216 215 214 5 255 284 165 88 49 195 277 109 231 153 58 70 211
杨阜 15 1101 8 0 36 35 34 40 150 56 46 159 269 207 210 274 180 232 178 275 52
田豫 10 1117 8 0 260 259 258 10 7 246 173 197 179 55 131 76 113 275 296 159 198
王粲 13 1208 9 0 184 183 182 196 214 151 33 174 119 172 62 67 84 127 144 26 201
蒯越 12 1291 9 0 252 251 250 280 292 249 263 154 99 28 77 58 109 212 56 246 206
张继 11 1270 8 0 77 78 75 97 265 153 277 234 206 215 252 130 281 89 33 93 109
杜袭 19 1439 7 0 279 280 281 251 99 243 112 162 40 126 154 6 200 199 114 224 233
枣祗任峻 6 1184 8 0 228 227 226 256 213 70 24 98 90 284 2 19 222 118 17 247 43
陈矫 15 1304 8 0 261 262 259 242 114 230 105 283 194 123 129 20 87 137 213 53 248
郗虑 15 1236 9 0 223 224 225 247 124 2 82 130 120 160 56 12 125 179 1 14 281
桓玠 13 1202 8 0 142 141 144 134 125 177 138 129 280 109 53 42 286 135 282 16 105
丁仪 18 1248 8 0 174 173 176 166 98 69 1 184 243 27 179 250 121 85 38 31 112
丁廙 20 1310 8 0 97 98 95 77 152 225 61 6 128 266 38 92 141 50 200 114 69
司马朗 17 1202 8 0 34 33 36 86 27 227 155 145 294 74 121 85 205 84 107 67 134
韩暨 19 1370 8 0 6 5 8 264 48 224 114 97 136 11 23 279 209 154 161 92 120
韦康 11 1007 8 0 235 236 237 291 176 270 95 147 229 75 241 43 247 8 288 118 204
邴原 13 1318 8 0 172 171 170 188 132 78 109 110 189 184 137 28 70 234 11 281 278
赵俨 8 988 8 0 245 246 243 197 281 9 139 295 140 102 143 202 264 175 192 191 173
娄圭 11 1134 7 0 63 64 65 151 219 167 12 135 27 60 124 249 30 168 45 189 148
贾逵 13 1223 8 0 201 202 199 209 197 37 283 53 292 89 27 278 16 2 39 109 184
陈琳 11 1043 8 0 8 7 6 16 100 80 148 43 167 66 138 204 258 235 13 229 218
司马懿 13 1178 9 0 144 143 142 136 251 207 117 243 180 286 125 41 127 264 184 2 59
张辽 15 1278 7 0 248 247 246 224 117 31 141 179 78 238 160 227 129 112 133 85 261
徐晃 13 1102 8 0 196 195 194 184 240 12 4 204 268 44 297 275 198 157 131 210 108
夏侯惇 11 1235 7 0 286 285 288 269 230 236 104 291 290 144 42 56 142 33 284 119 145
夏侯渊 14 927 8 0 140 139 138 132 157 68 221 158 245 173 190 152 255 115 40 225 143
庞德 17 1238 7 0 7 8 9 15 260 5 297 217 65 67 31 239 55 38 171 134 84
张郃 17 1409 8 0 224 223 222 248 141 6 64 153 166 50 165 271 170 126 199 279 15
李典 17 1277 8 0 290 289 292 234 17 79 107 141 286 263 239 125 276 195 169 291 137
乐进 11 963 8 0 68 67 66 32 96 140 158 139 164 43 192 220 115 255 143 222 246
典韦 14 1274 8 0 91 92 93 79 127 147 238 112 263 24 20 215 291 57 193 130 212
曹洪 8 1064 9 0 19 20 21 285 62 124 249 94 247 198 182 228 4 274 167 295 180
曹仁 12 1068 8 0 32 31 30 68 74 288 258 175 297 270 229 257 298 100 44 4 46
曹彰 15 1379 8 0 256 255 254 228 284 165 200 22 266 161 5 61 199 136 146 271 183
曹纯 14 1359 8 0 99 100 101 123 279 23 15 3 252 40 61 161 183 166 160 122 115
于禁 13 1183 9 0 242 241 244 261 217 226 133 79 149 107 65 74 253 269 111 188 16
许褚 13 963 8 0 222 221 224 217 118 113 240 218 219 257 295 102 228 220 229 68 5
吕虔 12 1154 8 0 150 149 152 62 36 64 29 65 236 253 207 155 117 217 37 60 237
李通 16 1265 8 0 283 284 285 271 215 205 201 261 250 53 281 39 78 278 277 276 87
文聘 15 1163 8 0 272 271 270 284 2 193 167 48 25 236 189 263 249 226 259 124 74
臧霸 11 1014 8 0 204 203 202 212 178 232 237 196 155 138 47 8 80 173 103 288 235
郭淮 16 1254 8 0 179 180 181 219 239 178 160 248 260 92 174 107 38 223 292 112 277
钟会 12 1191 8 0 48 47 46 104 6 92 193 272 203 41 111 264 27 39 177 162 152
邓艾 9 1024 8 0 95 96 97 83 158 127 235 80 118 247 9 139 75 192 164 274 181
曹休 16 1155 7 0 51 52 53 59 287 282 176 268 138 127 117 156 273 163 94 208 253
张燕 12 1115 8 0 237 238 235 265 182 111 204 163 71 76 104 270 96 267 108 46 150
张绣 13 1143 8 0 94 93 96 82 54 231 132 19 106 4 181 226 236 86 51 287 259
朱灵 11 1121 9 0 30 29 32 33 276 141 281 117 93 181 60 62 63 177 145 203 45
路昭 14 1149 8 0 263 264 265 44 47 135 252 203 91 290 107 272 197 207 168 273 24
史涣 16 1226 8 0 107 108 109 155 257 187 290 134 127 242 263 179 268 1 34 239 41
韩浩 17 1100 8 0 157 158 155 109 140 217 83 35 72 297 298 267 29 196 96 170 71
王凌 10 999 8 0 139 140 141 171 101 143 245 68 9 241 240 95 192 295 191 258 75
孙礼 14 1142 9 0 24 23 22 72 5 86 228 173 37 91 16 127 145 132 189 207 263
秦朗 10 1279 8 0 255 256 257 227 216 186 49 221 277 158 152 153 140 68 246 219 177
郑文 15 1227 9 0 268 267 266 208 207 298 145 51 196 134 205 93 107 188 2 127 1
夏侯尚 15 1398 8 0 199 200 201 159 234 194 154 87 58 211 40 136 256 279 224 265 271
毌丘俭 19 1348 8 0 92 91 90 80 294 48 74 254 141 179 276 97 126 200 110 6 251
诸葛诞 13 998 8 0 9 10 7 25 191 245 267 298 139 143 95 100 103 219 220 175 104
孙乾 17 1236 8 0 84 83 82 96 108 133 163 282 31 168 254 65 184 34 26 215 7
简雍 15 1267 7 0 85 86 83 90 109 128 262 238 281 26 12 34 239 174 112 248 227
糜竺 17 1254 8 0 14 13 16 276 20 109 120 125 33 39 151 213 277 53 141 223 90
糜芳 11 1315 9 0 21 22 19 1 87 114 5 96 215 122 221 246 101 231 175 102 192
庞统 17 1225 8 0 67 68 69 282 18 191 269 177 239 7 294 184 12 250 187 34 65
法正 16 1285 8 0 78 77 80 98 82 172 209 128 248 141 110 87 283 281 70 211 3
许靖 18 1258 7 0 112 111 110 88 148 105 279 91 109 20 141 1 41 248 85 179 174
马良 10 947 9 0 240 239 238 244 196 13 222 246 102 164 139 295 164 164 190 173 202
徐庶 16 1366 8 0 161 162 159 105 22 266 90 225 126 256 3 99 11 128 6 154 61
陈震 17 1089 8 0 267 268 269 207 282 220 9 297 192 208 175 157 104 237 116 35 209
杨仪 18 1248 8 0 239 240 241 243 179 120 177 281 67 273 290 7 85 69 31 107 133
费祎 14 1230 8 0 42 41 44 54 289 52 203 89 129 278 286 142 238 254 135 151 231
蒋琬 15 1141 9 0 287 288 289 231 51 297 131 29 147 217 83 66 244 156 10 94 163
孟优 16 1239 7 0 238 237 240 266 167 233 91 85 227 248 41 26 42 27 20 250 254
黄皓 17 1207 8 0 134 133 136 142 229 75 66 107 178 268 59 205 250 31 12 7 34
诸葛亮 15 1143 8 0 163 164 165 191 83 276 84 237 66 71 168 232 156 51 148 249 287
关羽 12 1329 8 0 206 205 208 193 154 123 57 70 77 277 153 40 23 160 122 5 252
张飞 14 1237 8 0 33 34 31 30 90 81 184 39 14 210 284 57 89 286 77 20 294
马超 10 951 8 0 202 201 204 146 164 108 175 72 257 221 246 245 191 102 173 192 240
黄忠 12 1111 8 0 159 160 161 199 285 115 210 36 111 274 173 4 181 296 106 260 117
赵云 10 1163 8 0 217 218 215 222 242 157 236 7 55 287 155 203 98 150 262 117 60
魏延 20 1374 8 0 165 166 163 173 40 256 216 114 186 5 224 251 3 15 69 50 200
关平 11 1188 8 0 145 146 143 141 37 155 268 34 273 156 226 148 24 111 30 181 286
周仓 17 1142 8 0 226 225 228 210 270 242 103 171 18 293 145 94 189 272 253 66 205
关兴 12 1271 8 0 56 55 54 64 29 36 110 37 188 133 223 286 82 130 252 294 162
张苞 13 1138 8 0 10 9 12 260 160 102 178 31 285 296 167 182 185 198 287 45 131
陈到 14 1163 8 0 207 208 209 267 268 144 55 17 185 36 150 253 203 263 249 24 86
李严 20 1581 8 0 69 70 67 49 212 174 183 200 50 114 186 266 136 239 165 195 97
姜维 11 1313 8 0 109 110 107 157 85 14 172 20 112 142 123 216 252 162 153 201 77
廖化 8 1137 9 0 180 179 178 152 244 46 181 269 144 59 253 45 36 106 117 262 19
马谡 14 1347 8 0 122 121 124 129 126 183 87 277 225 21 289 221 271 158 206 99 214
马岱 9 932 8 0 295 296 297 76 254 219 191 245 175 118 222 240 167 139 241 19 247
陈式 13 1258 8 0 153 154 151 138 70 77 265 224 234 58 206 255 57 216 109 11 125
雷铜 14 1268 8 0 294 293 296 55 92 253 273 76 34 254 67 79 151 20 194 56 33
吴兰 18 1034 9 0 101 102 99 17 139 71 192 115 221 35 88 96 21 5 147 236 285
王平 11 1148 9 0 232 231 230 288 149 204 156 285 253 178 197 163 106 36 203 280 2
任夔 17 1323 8 0 160 159 158 200 10 76 179 26 110 223 248 129 28 206 99 49 289
张翼 7 1065 8 0 274 273 276 254 73 103 229 13 181 159 148 36 210 19 75 95 190
马忠 11 1123 8 0 148 147 146 120 112 16 8 41 4 47 274 145 178 181 163 185 63
张南 15 1109 7 0 170 169 172 178 89 173 190 111 231 177 25 18 224 253 35 157 113
冯习 17 1277 8 0 291 292 293 235 227 171 44 286 38 276 54 70 91 213 211 290 53
傅佥 15 1339 8 0 64 63 62 56 236 150 224 233 193 120 213 214 81 28 230 183 11
关索 7 1181 9 0 173 174 171 165 135 170 260 24 210 140 159 190 152 204 202 240 245
陆逊 18 1506 7 0 126 125 128 133 122 250 266 265 161 279 209 200 92 224 136 171 154
张昭 19 1227 8 0 186 185 188 218 269 255 211 5 165 225 69 171 1 55 195 54 50
张紘 19 1306 8 0 141 142 139 145 224 30 248 290 92 78 112 81 97 110 14 137 195
鲁肃 17 1316 9 0 289 290 287 233 42 149 152 121 137 169 122 211 123 194 49 213 160
虞翻 14 1229 8 0 250 249 252 190 39 126 271 2 283 54 1 174 134 67 16 238 12
顾雍 18 1294 8 0 129 130 127 122 185 154 292 142 42 87 261 160 248 81 90 110 169
诸葛谨 18 1342 7 0 81 82 79 93 57 33 214 251 209 230 120 141 64 129 137 243 123
诸葛恪 14 1269 9 0 28 27 26 12 183 203 125 90 61 252 82 172 160 64 234 193 276
陆凯 12 1103 8 0 293 294 291 43 194 281 17 100 275 226 66 83 221 146 72 298 44
骆统 13 1037 7 0 104 103 102 48 192 257 286 273 176 29 237 143 267 116 218 115 9
周鲂 14 1103 7 0 296 295 294 292 128 117 219 55 258 10 13 178 83 159 260 44 116
周瑜 9 1189 8 0 264 263 262 6 26 119 195 57 151 90 39 48 245 144 152 284 73
吕蒙 11 1093 8 0 149 150 147 61 232 289 43 4 242 45 244 13 275 72 46 103 210
甘宁 13 1261 8 0 89 90 87 113 170 15 93 42 105 201 133 82 33 77 130 125 57
太史慈 27 1539 8 0 200 199 198 160 120 50 256 69 114 136 266 126 279 92 97 233 165
程普 20 1300 8 0 110 109 112 73 65 182 56 172 160 128 78 120 195 141 92 129 114
黄盖 15 1092 8 0 72 71 70 24 203 158 18 202 157 219 80 258 257 149 293 113 147
韩当 18 1555 8 0 50 49 52 70 15 200 213 58 69 224 136 22 114 97 154 165 186
周泰 11 1056 8 0 167 168 169 175 238 63 272 138 8 80 10 98 295 152 19 73 13
蒋钦 9 1010 7 0 247 248 249 223 259 116 218 71 19 95 118 191 235 47 43 228 295
丁奉 12 1414 8 0 5 6 3 216 24 7 21 186 211 165 256 55 265 101 158 206 222
徐盛 11 1068 8 0 13 14 11 29 121 240 111 274 177 259 296 149 297 185 8 76 167
陈武 10 1171 8 0 98 97 100 78 174 121 234 228 115 246 105 167 217 37 119 177 262
凌操 15 1192 8 0 187 188 189 259 231 107 71 127 45 52 55 244 124 74 67 269 121
凌统 14 1070 9 0 298 297 1 257 116 268 108 9 246 176 157 229 32 258 138 293 178
潘璋 19 1382 8 0 120 119 118 148 200 239 14 183 223 64 81 110 15 22 251 266 6
朱然 21 1499 8 0 266 265 268 238 249 161 126 40 256 97 200 69 22 114 233 120 31
孙桓 17 1261 8 0 90 89 92 85 33 53 161 28 228 264 130 169 278 87 129 38 14
马忠 22 1430 7 0 114 113 116 117 261 21 6 165 200 69 230 15 50 266 279 97 110
孙韶 12 1223 8 0 151 152 153 63 137 184 40 214 264 234 14 281 294 41 27 42 282
朱桓 17 1355 8 0 22 21 24 2 161 162 123 256 265 154 49 50 266 120 3 23 166
夏恂 15 1065 8 0 182 181 184 214 237 110 285 241 262 117 19 10 73 46 275 108 96
周平 13 1243 8 0 57 58 55 65 81 213 206 264 284 2 234 33 153 91 162 227 89
全琮 16 1272 8 0 193 194 191 206 225 272 48 61 64 243 292 54 169 70 91 28 130
于诠 16 1257 8 0 87 88 89 277 21 190 122 199 15 129 227 78 261 90 276 169 283
张角 9 1015 8 0 219 220 221 179 63 295 296 229 222 72 191 175 138 9 118 255 288
何进 11 1220 8 0 284 283 282 272 256 216 70 195 57 228 33 234 2 105 286 264 93
董卓 5 868 9 0 164 163 162 192 202 198 75 116 68 240 43 17 240 240 95 241 241
袁绍 12 1249 8 0 79 80 81 91 76 290 254 242 16 135 278 294 292 133 41 231 20
吕布 16 1050 7 0 146 145 148 202 147 131 208 83 100 191 44 138 108 293 256 270 136
袁术 15 1193 8 0 269 270 267 286 186 208 67 180 36 105 132 189 62 242 121 187 188
刘表 16 1269 9 0 130 129 132 121 277 189 162 223 62 194 90 77 234 56 89 91 193
刘璋 15 1148 8 0 62 61 64 150 19 39 215 82 130 119 184 30 269 208 280 259 25
马腾 11 1178 9 0 93 94 91 81 168 181 89 25 30 111 26 268 132 203 105 77 284
张鲁 18 1419 7 0 128 127 126 116 296 85 243 78 97 110 169 154 233 161 270 209 171
韩遂 16 1128 8 0 244 243 242 240 180 4 26 74 156 113 149 187 287 178 83 86 273
公孙瓒 13 1423 8 0 225 226 223 230 193 97 124 161 122 186 162 265 285 88 271 140 40
韩馥 13 1041 7 0 80 79 78 92 52 8 116 95 241 167 72 75 204 138 102 220 257
刘岱 16 1349 8 0 3 4 5 297 45 136 38 99 233 49 161 23 165 183 22 230 78
王匡 9 1107 8 0 73 74 71 110 274 175 76 18 29 218 4 46 182 44 100 167 264
张邈 10 999 7 0 191 192 193 163 9 67 295 288 108 146 219 247 202 43 139 245 102
孔伷 13 1148 8 0 259 260 261 187 247 156 147 178 74 13 71 117 155 60 272 62 94
陶谦 15 1327 7 0 88 87 86 112 278 212 121 216 195 131 101 115 162 225 23 194 49
鲍信 9 1015 8 0 47 48 49 103 263 275 86 181 43 148 204 241 100 247 258 17 229
桥瑁 14 1209 8 0 135 136 137 143 173 263 205 63 133 79 188 16 105 142 42 282 27
袁遗 10 1139 9 0 60 59 58 52 119 138 54 16 124 63 30 37 45 259 155 150 217
孔融 10 1158 9 0 262 261 264 270 275 55 85 156 182 46 185 280 37 17 217 180 98
张超 13 1027 9 0 76 75 74 295 79 160 73 294 288 237 100 260 44 108 176 13 103
张杨 14 1271 8 0 276 275 274 14 30 163 227 209 26 291 92 38 290 277 87 283 28
刘度 15 1191 9 0 121 122 119 130 13 98 88 289 41 124 34 282 174 65 269 132 187
赵范 10 1054 8 0 100 99 98 124 8 185 113 293 146 258 76 9 47 32 73 75 4
金旋 13 1233 7 0 39 40 41 35 250 62 137 33 2 14 264 283 215 48 201 1 127
韩玄 12 1174 7 0 111 112 113 278 123 237 13 170 159 93 48 132 246 145 242 152 83
张宝 13 1045 7 0 29 30 27 13 56 17 150 287 73 104 147 103 157 96 257 218 220
张梁 13 973 8 0 118 117 120 125 222 229 253 143 95 295 247 192 220 228 219 235 175
程远志 14 1225 8 0 27 28 29 11 34 59 198 133 63 174 201 231 48 238 151 41 135
邓茂 16 1161 7 0 236 235 234 220 64 286 217 227 150 272 171 273 94 270 205 101 208
马元义 17 1173 7 0 71 72 73 23 31 101 187 247 237 163 259 59 168 25 74 205 157
赵弘 18 1244 8 0 133 134 131 126 155 84 242 27 135 56 89 53 227 79 248 277 239
韩忠 17 1270 8 0 292 291 290 296 252 152 129 280 201 183 193 195 79 169 179 234 54
孙夏 13 937 9 0 175 176 177 167 253 73 202 32 295 192 267 219 143 245 21 9 118
管亥 17 1256 8 0 234 233 236 290 199 188 98 77 153 151 57 284 130 172 28 292 38
何仪 15 1196 8 0 132 131 130 140 172 26 94 59 249 205 269 111 93 24 254 121 215
刘辟 15 1353 8 0 183 184 185 195 28 122 69 120 169 292 194 162 99 3 61 64 256
龚都 13 1370 8 0 40 39 38 36 165 215 151 266 279 99 199 206 61 58 140 278 225
裴元绍 15 1143 8 0 156 155 154 108 188 259 232 262 244 145 113 51 163 287 86 52 18
高升 14 1231 8 0 231 232 233 287 187 94 11 275 170 281 119 27 216 21 125 79 42
张闿 15 1130 8 0 66 65 68 58 44 74 134 75 163 8 293 287 46 113 297 226 35
韩暹 13 1180 8 0 59 60 61 51 105 27 188 132 12 180 134 71 208 197 25 168 144
李乐 15 1048 8 0 221 222 219 258 243 197 140 255 101 202 21 122 293 35 115 257 158
杨奉 10 952 8 0 102 101 104 18 246 10 220 210 240 245 17 222 119 202 80 21 191
董承 11 1177 8 0 2 1 4 22 272 223 189 250 39 57 228 105 284 201 268 144 232
王子服 15 1251 8 0 227 228 229 255 291 34 276 236 238 38 87 248 133 82 215 57 85
李儒 17 1382 8 0 166 165 168 174 189 49 58 211 224 96 265 209 251 99 243 136 22
陈宫 9 1100 8 0 181 182 179 213 171 93 180 47 274 30 94 197 159 148 210 145 95
田丰 13 1141 8 0 197 198 195 245 201 221 96 260 83 285 232 181 263 59 273 155 249
沮授 17 1261 7 0 38 37 40 46 43 20 3 23 291 227 97 276 179 7 174 90 234
审配 18 1073 8 0 285 286 283 19 159 168 182 232 10 197 208 35 225 271 55 123 101
许攸 16 1204 8 0 254 253 256 274 295 35 79 92 282 294 84 124 26 42 132 12 238
郭图 14 1227 8 0 12 11 10 28 210 196 63 230 59 1 85 223 67 16 134 254 250
逢纪 10 1026 8 0 75 76 77 131 35 134 164 66 116 235 176 80 95 288 274 100 139
辛评 13 1195 8 0 16 15 14 8 49 148 275 60 79 125 24 135 201 12 250 142 242
荀谌 13 1150 8 0 280 279 278 252 86 210 185 292 142 249 37 262 177 189 62 232 155
辛毗 12 1096 8 0 44 43 42 263 66 176 291 45 52 196 146 108 76 73 32 296 293
陈登 14 1299 8 0 211 212 213 203 190 58 186 166 5 199 214 289 230 11 291 78 216
蒯良 19 1399 8 0 233 234 231 289 195 238 212 64 3 251 15 11 128 54 266 200 279
王累 13 1027 8 0 220 219 218 236 273 267 102 192 158 103 288 68 118 222 9 80 29
韩胤 17 1188 7 0 205 206 203 194 241 283 135 54 20 132 268 134 34 124 236 71 226
沮鹄 15 1235 8 0 1 2 298 21 61 106 174 278 125 12 250 112 186 107 223 39 268
杨弘 19 1379 8 0 251 252 253 279 144 41 278 81 271 233 212 165 166 243 120 15 92
阎象 13 1164 8 0 189 190 187 249 166 130 2 124 172 203 272 269 226 280 24 63 168
蒯越 13 1190 8 0 105 106 103 161 59 112 261 86 89 269 98 2 135 284 93 37 142
伍孚 16 1246 8 0 277 278 275 87 130 265 77 122 255 206 216 194 14 276 283 133 179
李傕 14 997 8 0 143 144 145 135 103 139 288 118 270 9 245 104 175 257 68 116 140
郭汜 14 1113 8 0 178 177 180 170 204 179 10 259 134 232 46 296 148 244 36 297 298
颜良 13 1163 8 0 168 167 166 176 93 285 20 253 218 84 163 106 71 63 263 59 189
文丑 17 1309 8 0 54 53 56 42 94 61 60 205 230 250 291 193 137 233 123 186 292
潘凤 16 1200 7 0 208 207 206 268 218 269 146 131 171 267 285 113 59 62 124 51 236
俞涉 17 1316 8 0 137 138 135 154 151 214 39 123 289 61 172 230 54 261 81 141 290
武安国 14 1021 8 0 116 115 114 128 298 247 80 164 75 229 258 288 176 104 267 143 296
穆顺 15 1170 7 0 74 73 76 45 32 66 92 244 259 34 106 242 18 187 71 25 272
华雄 6 1058 8 0 241 242 239 229 205 25 52 182 80 139 235 47 43 190 295 164 164
牛辅 13 1098 8 0 108 107 106 156 84 202 298 176 191 83 52 44 146 76 237 182 196
张济 12 1151 8 0 117 118 115 114 248 296 144 30 113 182 51 259 150 45 180 217 159
樊稠 20 1221 8 0 31 32 33 281 71 248 45 10 84 65 7 25 171 134 239 174 266
胡轸 16 1358 8 0 61 62 59 149 1 54 97 193 28 137 99 256 40 265 183 214 161
胡车儿 16 1275 8 0 70 69 72 50 153 228 284 206 214 213 195 291 172 193 78 216 58
李肃 9 1010 8 0 288 287 286 232 4 32 143 191 76 147 220 116 218 75 235 204 219
高顺 15 1210 8 0 215 216 217 20 283 40 62 49 21 77 58 91 39 125 227 84 132
张任 7 1125 7 0 190 189 192 250 211 87 170 152 82 115 140 173 17 241 240 43 274
高览 15 1187 7 0 25 26 23 9 53 241 194 93 272 282 170 31 65 71 59 74 62
曹性 14 1338 9 0 214 213 216 182 184 137 81 151 70 265 211 64 58 49 209 61 122
闵纯 12 1236 8 0 282 281 284 67 267 51 171 84 254 25 177 121 188 26 142 135 151
纪灵 13 1139 9 0 249 250 247 189 266 252 19 194 132 280 127 63 272 155 207 163 197
马休 17 1344 9 0 23 24 25 71 11 99 230 38 278 162 6 3 206 209 88 22 265
马铁 15 1082 8 0 96 95 94 84 68 192 197 21 131 166 271 101 237 29 157 176 182
高览 13 1047 8 0 103 104 105 47 143 274 226 257 35 220 270 29 9 176 204 149 76
袁谭 18 1281 8 0 123 124 125 99 111 206 22 137 152 261 109 212 289 230 54 285 81
袁熙 9 1019 8 0 229 230 227 241 134 118 274 219 235 116 32 298 158 218 222 8 47
袁尚 16 1144 8 0 253 254 251 273 175 294 118 168 232 150 180 207 242 170 226 55 51
高干 11 924 8 0 246 245 248 198 102 260 115 240 298 98 202 21 111 119 255 252 68
麴义 12 1162 9 0 152 151 150 180 97 292 289 190 123 82 255 140 173 167 264 111 48
吕翔 16 1373 8 0 209 210 207 201 136 11 78 276 81 15 126 166 6 23 214 128 267
吕旷 13 1265 8 0 125 126 123 118 142 82 28 14 1 16 144 290 223 215 231 89 153
韩猛 16 1154 7 0 273 274 271 253 220 45 294 104 145 239 86 236 51 83 197 263 244
淳于琼 15 1135 8 0 18 17 20 102 67 83 72 73 226 171 35 170 74 52 185 131 156
焦触 13 1232 8 0 127 128 129 115 91 95 270 187 107 51 249 24 144 184 82 268 39
张南 12 1259 8 0 20 19 18 215 14 38 168 109 205 112 91 261 53 294 238 33 79
马延 18 1327 8 0 230 229 232 225 286 261 23 12 54 81 114 137 211 123 64 3 243
雷薄 15 1303 7 0 194 193 196 205 293 199 25 249 261 130 183 277 212 289 294 88 213
张勋 15 1109 8 0 52 51 50 60 80 42 241 155 44 187 108 147 131 18 113 156 36
陈纪 15 1128 7 0 113 114 111 89 46 222 100 106 117 244 156 208 260 66 52 72 170
桥蕤 15 1299 8 0 213 214 211 181 228 57 50 15 53 70 64 14 49 291 261 289 194
郝萌 10 1077 9 0 198 197 200 246 131 164 27 46 17 19 275 297 196 10 4 138 260
侯成 16 1243 8 0 41 42 39 53 55 251 65 148 121 48 238 144 112 151 79 27 107
宋宪 14 1144 8 0 86 85 88 34 280 24 47 105 46 275 273 131 147 94 156 244 207
魏续 15 1369 9 0 271 272 273 283 169 195 250 11 251 212 96 224 122 285 225 256 199
成廉 18 1362 8 0 243 244 245 239 221 279 128 144 174 193 11 49 154 251 166 81 230
蔡瑁 19 1280 8 0 195 196 197 183 233 271 264 284 88 216 70 292 110 290 186 69 141
张允 15 1217 7 0 82 81 84 94 78 125 223 62 190 152 28 89 56 227 127 65 26
黄祖 12 1291 8 0 162 161 164 106 58 22 130 279 154 23 225 183 88 109 57 48 56
苏飞 15 1254 8 0 281 282 279 31 245 293 30 239 85 231 283 151 77 78 53 172 223
吕公 18 1259 8 0 169 170 167 177 271 278 136 119 183 289 128 90 193 292 290 87 129
侯选 13 1068 8 0 176 175 174 168 235 44 51 108 104 298 75 218 116 103 76 96 275
程银 13 1137 8 0 131 132 133 75 198 146 287 208 96 88 260 86 52 297 196 18 10
李堪 13 1153 9 0 37 38 35 26 145 201 106 56 24 188 280 60 262 98 150 105 124
张横 17 1265 9 0 53 54 51 41 25 90 119 201 213 283 142 133 20 14 281 261 291
梁兴 10 1067 8 0 4 3 2 275 288 244 196 149 148 94 73 159 19 210 198 32 100
成宜 12 1090 8 0 46 45 48 38 113 180 36 198 86 262 178 73 66 182 149 237 32
马玩 16 1276 8 0 58 57 60 66 162 211 166 50 199 153 215 252 214 40 216 212 70
杨秋 16 1071 9 0 270 269 272 262 226 235 127 258 143 32 103 237 35 236 128 146 55
张让 13 1051 7 0 257 258 255 298 107 104 35 103 202 222 218 32 72 143 29 221 80
赵忠 13 1162 8 0 124 123 122 100 223 19 225 189 60 121 63 254 187 205 208 272 37
封谞 17 1391 9 0 15 16 17 7 50 89 99 213 87 209 233 114 120 165 265 251 224
段珪 11 1124 8 0 45 46 43 74 3 273 31 44 187 149 203 180 60 117 63 10 30
曹节 15 1124 8 0 35 36 37 39 75 254 257 157 103 101 18 285 270 221 170 267 66
侯览 11 1029 8 0 218 217 220 186 208 258 247 222 168 73 257 176 288 229 104 29 8
蹇硕 17 1211 8 0 65 66 63 57 110 43 41 150 7 31 242 84 25 121 188 82 67
程旷 12 1049 8 0 258 257 260 221 177 218 32 270 296 100 116 72 8 298 47 139 138
夏恽 9 1219 8 0 119 120 121 147 60 264 53 169 184 62 231 158 102 246 98 286 17
郭胜 15 1196 7 0 188 187 186 172 156 234 59 185 56 37 135 177 282 268 65 242 269
吕伯奢 10 1188 8 0 177 178 175 169 258 142 239 67 13 170 282 188 280 30 48 98 255
普净 14 1324 7 0 212 211 210 204 69 88 233 136 11 271 251 123 194 252 278 58 91
华佗 15 1000 8 0 115 116 117 127 297 159 246 101 98 190 158 88 68 140 221 104 99
于吉 12 1161 8 0 83 84 85 95 163 18 157 146 197 108 287 293 296 273 244 106 111
左慈 7 994 8 0 43 44 45 293 38 65 149 8 47 68 164 235 241 191 247 190 228
吉平 13 1119 9 0 185 186 183 158 129 100 280 188 207 17 262 210 10 13 18 148 203
