荀彧 6 56 3 0 171 172 173 139 181 291 282 226
荀攸 8 80 4 0 265 266 263 237 77 277 153 126
贾诩 6 74 3 0 278 277 280 111 88 169 251 1
郭嘉 8 78 3 0 136 135 134 144 209 3 169 212
程昱 1 92 3 0 210 209 212 226 12 280 159 102
戏志才 5 71 3 0 275 276 277 4 262 47 16 231
刘晔 7 76 3 0 11 12 13 27 23 209 231 271
蒋济 4 63 3 0 55 56 57 294 41 262 207 296
陈群 4 65 4 0 155 156 157 107 133 145 34 52
华歆 4 54 5 0 192 191 190 164 104 96 101 220
钟繇 2 71 4 0 17 18 15 101 290 29 293 207
满宠 7 76 3 0 154 153 156 137 206 129 199 252
董昭 4 55 3 0 297 298 295 3 115 287 7 267
王朗 5 74 3 0 203 204 205 211 72 28 42 263
崔琰 3 71 3 0 138 137 140 153 106 60 142 167
毛玠 3 53 4 0 158 157 160 185 95 72 68 140
杜畿 7 64 3 0 26 25 28 37 264 132 244 160
田畴 3 65 3 0 147 148 149 119 146 91 259 235
王修 6 86 3 0 49 50 47 69 16 166 255 215
杨修 4 71 4 0 106 105 108 162 138 1 37 113
辛毗 6 83 5 0 216 215 214 5 255 284 165 88
杨阜 3 75 4 0 36 35 34 40 150 56 46 159
田豫 6 52 4 0 260 259 258 10 7 246 173 197
王粲 6 75 4 0 184 183 182 196 214 151 33 174
蒯越 7 76 4 0 252 251 250 280 292 249 263 154
张继 5 90 3 0 77 78 75 97 265 153 277 234
杜袭 8 77 3 0 279 280 281 251 99 243 112 162
枣祗任峻 3 91 3 0 228 227 226 256 213 70 24 98
陈矫 6 75 5 0 261 262 259 242 114 230 105 283
郗虑 6 77 4 0 223 224 225 247 124 2 82 130
桓玠 5 74 4 0 142 141 144 134 125 177 138 129
丁仪 6 74 4 0 174 173 176 166 98 69 1 184
丁廙 9 63 4 0 97 98 95 77 152 225 61 6
司马朗 6 61 3 0 34 33 36 86 27 227 155 145
韩暨 9 68 3 0 6 5 8 264 48 224 114 97
韦康 3 66 3 0 235 236 237 291 176 270 95 147
邴原 6 70 5 0 172 171 170 188 132 78 109 110
赵俨 2 61 4 0 245 246 243 197 281 9 139 295
娄圭 5 73 2 0 63 64 65 151 219 167 12 135
贾逵 6 76 3 0 201 202 199 209 197 37 283 53
陈琳 2 74 4 0 8 7 6 16 100 80 148 43
司马懿 6 66 4 0 144 143 142 136 251 207 117 243
张辽 7 60 4 0 248 247 246 224 117 31 141 179
徐晃 4 67 4 0 196 195 194 184 240 12 4 204
夏侯惇 7 63 4 0 286 285 288 269 230 236 104 291
夏侯渊 3 43 4 0 140 139 138 132 157 68 221 158
庞德 6 57 3 0 7 8 9 15 260 5 297 217
张郃 6 81 4 0 224 223 222 248 141 6 64 153
李典 7 62 3 0 290 289 292 234 17 79 107 141
乐进 1 56 4 0 68 67 66 32 96 140 158 139
典韦 6 69 3 0 91 92 93 79 127 147 238 112
曹洪 3 73 4 0 19 20 21 285 62 124 249 94
曹仁 3 58 4 0 32 31 30 68 74 288 258 175
曹彰 8 78 4 0 256 255 254 228 284 165 200 22
曹纯 7 75 2 0 99 100 101 123 279 23 15 3
于禁 5 69 4 0 242 241 244 261 217 226 133 79
许褚 3 68 4 0 222 221 224 217 118 113 240 218
吕虔 6 63 4 0 150 149 152 62 36 64 29 65
李通 6 76 4 0 283 284 285 271 215 205 201 261
文聘 5 71 4 0 272 271 270 284 2 193 167 48
臧霸 4 68 4 0 204 203 202 212 178 232 237 196
郭淮 7 55 3 0 179 180 181 219 239 178 160 248
钟会 5 71 3 0 48 47 46 104 6 92 193 272
邓艾 1 68 4 0 95 96 97 83 158 127 235 80
曹休 4 64 4 0 51 52 53 59 287 282 176 268
张燕 4 66 4 0 237 238 235 265 182 111 204 163
张绣 3 74 3 0 94 93 96 82 54 231 132 19
朱灵 4 70 3 0 30 29 32 33 276 141 281 117
路昭 5 74 4 0 263 264 265 44 47 135 252 203
史涣 5 65 3 0 107 108 109 155 257 187 290 134
韩浩 4 59 3 0 157 158 155 109 140 217 83 35
王凌 0 64 3 0 139 140 141 171 101 143 245 68
孙礼 3 81 4 0 24 23 22 72 5 86 228 173
秦朗 4 96 3 0 255 256 257 227 216 186 49 221
郑文 4 63 4 0 268 267 266 208 207 298 145 51
夏侯尚 7 78 3 0 199 200 201 159 234 194 154 87
毌丘俭 7 62 5 0 92 91 90 80 294 48 74 254
诸葛诞 2 59 4 0 9 10 7 25 191 245 267 298
孙乾 6 62 3 0 84 83 82 96 108 133 163 282
简雍 6 68 3 0 85 86 83 90 109 128 262 238
糜竺 5 75 4 0 14 13 16 276 20 109 120 125
糜芳 5 92 4 0 21 22 19 1 87 114 5 96
庞统 6 66 3 0 67 68 69 282 18 191 269 177
法正 8 61 3 0 78 77 80 98 82 172 209 128
许靖 6 70 3 0 112 111 110 88 148 105 279 91
马良 1 75 4 0 240 239 238 244 196 13 222 246
徐庶 7 82 5 0 161 162 159 105 22 266 90 225
陈震 4 56 2 0 267 268 269 207 282 220 9 297
杨仪 6 67 3 0 239 240 241 243 179 120 177 281
费祎 5 74 2 0 42 41 44 54 289 52 203 89
蒋琬 4 61 3 0 287 288 289 231 51 297 131 29
孟优 6 68 3 0 238 237 240 266 167 233 91 85
黄皓 5 66 3 0 134 133 136 142 229 75 66 107
诸葛亮 4 66 3 0 163 164 165 191 83 276 84 237
关羽 6 84 4 0 206 205 208 193 154 123 57 70
张飞 4 80 3 0 33 34 31 30 90 81 184 39
马超 3 56 4 0 202 201 204 146 164 108 175 72
黄忠 3 78 3 0 159 160 161 199 285 115 210 36
赵云 6 57 4 0 217 218 215 222 242 157 236 7
魏延 8 86 4 0 165 166 163 173 40 256 216 114
关平 6 60 4 0 145 146 143 141 37 155 268 34
周仓 6 57 3 0 226 225 228 210 270 242 103 171
关兴 4 74 3 0 56 55 54 64 29 36 110 37
张苞 5 61 4 0 10 9 12 260 160 102 178 31
陈到 2 72 3 0 207 208 209 267 268 144 55 17
李严 9 83 4 0 69 70 67 49 212 174 183 200
姜维 6 70 4 0 109 110 107 157 85 14 172 20
廖化 4 71 3 0 180 179 178 152 244 46 181 269
马谡 5 87 3 0 122 121 124 129 126 183 87 277
马岱 2 63 3 0 295 296 297 76 254 219 191 245
陈式 6 82 3 0 153 154 151 138 70 77 265 224
雷铜 5 59 4 0 294 293 296 55 92 253 273 76
吴兰 4 49 4 0 101 102 99 17 139 71 192 115
王平 4 65 4 0 232 231 230 288 149 204 156 285
任夔 7 64 4 0 160 159 158 200 10 76 179 26
张翼 4 73 3 0 274 273 276 254 73 103 229 13
马忠 4 72 4 0 148 147 146 120 112 16 8 41
张南 4 79 3 0 170 169 172 178 89 173 190 111
冯习 7 64 4 0 291 292 293 235 227 171 44 286
傅佥 8 71 3 0 64 63 62 56 236 150 224 233
关索 3 89 4 0 173 174 171 165 135 170 260 24
陆逊 8 81 4 0 126 125 128 133 122 250 266 265
张昭 8 53 3 0 186 185 188 218 269 255 211 5
张紘 7 61 3 0 141 142 139 145 224 30 248 290
鲁肃 6 77 4 0 289 290 287 233 42 149 152 121
虞翻 5 79 3 0 250 249 252 190 39 126 271 2
顾雍 5 75 4 0 129 130 127 122 185 154 292 142
诸葛谨 8 72 3 0 81 82 79 93 57 33 214 251
诸葛恪 5 81 4 0 28 27 26 12 183 203 125 90
陆凯 4 67 4 0 293 294 291 43 194 281 17 100
骆统 5 59 4 0 104 103 102 48 192 257 286 273
周鲂 4 63 4 0 296 295 294 292 128 117 219 55
周瑜 4 85 3 0 264 263 262 6 26 119 195 57
吕蒙 4 72 3 0 149 150 147 61 232 289 43 4
甘宁 5 74 3 0 89 90 87 113 170 15 93 42
太史慈 10 83 3 0 200 199 198 160 120 50 256 69
程普 6 71 4 0 110 109 112 73 65 182 56 172
黄盖 3 56 4 0 72 71 70 24 203 158 18 202
韩当 7 82 3 0 50 49 52 70 15 200 213 58
周泰 3 71 3 0 167 168 169 175 238 63 272 138
蒋钦 3 66 3 0 247 248 249 223 259 116 218 71
丁奉 7 91 3 0 5 6 3 216 24 7 21 186
徐盛 4 73 3 0 13 14 11 29 121 240 111 274
陈武 3 90 4 0 98 97 100 78 174 121 234 228
凌操 5 64 3 0 187 188 189 259 231 107 71 127
凌统 2 57 4 0 298 297 1 257 116 268 108 9
潘璋 7 72 3 0 120 119 118 148 200 239 14 183
朱然 8 83 4 0 266 265 268 238 249 161 126 40
孙桓 5 80 4 0 90 89 92 85 33 53 161 28
马忠 9 54 3 0 114 113 116 117 261 21 6 165
孙韶 6 80 4 0 151 152 153 63 137 184 40 214
朱桓 8 78 4 0 22 21 24 2 161 162 123 256
夏恂 2 69 3 0 182 181 184 214 237 110 285 241
周平 4 85 3 0 57 58 55 65 81 213 206 264
全琮 7 71 4 0 193 194 191 206 225 272 48 61
于诠 7 80 3 0 87 88 89 277 21 190 122 199
张角 2 65 3 0 219 220 221 179 63 295 296 229
何进 4 88 4 0 284 283 282 272 256 216 70 195
董卓 1 66 3 0 164 163 162 192 202 198 75 116
袁绍 5 70 3 0 79 80 81 91 76 290 254 242
吕布 4 60 3 0 146 145 148 202 147 131 208 83
袁术 4 71 4 0 269 270 267 286 186 208 67 180
刘表 6 77 3 0 130 129 132 121 277 189 162 223
刘璋 4 84 3 0 62 61 64 150 19 39 215 82
马腾 5 70 4 0 93 94 91 81 168 181 89 25
张鲁 8 61 4 0 128 127 126 116 296 85 243 78
韩遂 5 63 5 0 244 243 242 240 180 4 26 74
公孙瓒 7 85 4 0 225 226 223 230 193 97 124 161
韩馥 1 74 4 0 80 79 78 92 52 8 116 95
刘岱 7 73 3 0 3 4 5 297 45 136 38 99
王匡 5 58 3 0 73 74 71 110 274 175 76 18
张邈 4 62 3 0 191 192 193 163 9 67 295 288
孔伷 5 63 4 0 259 260 261 187 247 156 147 178
陶谦 6 83 4 0 88 87 86 112 278 212 121 216
鲍信 2 75 4 0 47 48 49 103 263 275 86 181
桥瑁 5 73 3 0 135 136 137 143 173 263 205 63
袁遗 5 72 4 0 60 59 58 52 119 138 54 16
孔融 4 65 4 0 262 261 264 270 275 55 85 156
张超 5 59 3 0 76 75 74 295 79 160 73 294
张杨 8 64 3 0 276 275 274 14 30 163 227 209
刘度 6 77 4 0 121 122 119 130 13 98 88 289
赵范 4 67 3 0 100 99 98 124 8 185 113 293
金旋 4 79 4 0 39 40 41 35 250 62 137 33
韩玄 4 76 4 0 111 112 113 278 123 237 13 170
张宝 4 60 4 0 29 30 27 13 56 17 150 287
张梁 2 63 3 0 118 117 120 125 222 229 253 143
程远志 5 73 3 0 27 28 29 11 34 59 198 133
邓茂 6 64 4 0 236 235 234 220 64 286 217 227
马元义 3 67 3 0 71 72 73 23 31 101 187 247
赵弘 5 73 3 0 133 134 131 126 155 84 242 27
韩忠 5 77 4 0 292 291 290 296 252 152 129 280
孙夏 3 59 4 0 175 176 177 167 253 73 202 32
管亥 5 87 4 0 234 233 236 290 199 188 98 77
何仪 5 73 4 0 132 131 130 140 172 26 94 59
刘辟 7 72 4 0 183 184 185 195 28 122 69 120
龚都 8 79 4 0 40 39 38 36 165 215 151 266
裴元绍 4 64 4 0 156 155 154 108 188 259 232 262
高升 5 71 3 0 231 232 233 287 187 94 11 275
张闿 3 68 3 0 66 65 68 58 44 74 134 75
韩暹 5 73 4 0 59 60 61 51 105 27 188 132
李乐 5 50 3 0 221 222 219 258 243 197 140 255
杨奉 2 56 3 0 102 101 104 18 246 10 220 210
董承 5 79 3 0 2 1 4 22 272 223 189 250
王子服 6 65 4 0 227 228 229 255 291 34 276 236
李儒 7 86 4 0 166 165 168 174 189 49 58 211
陈宫 2 76 4 0 181 182 179 213 171 93 180 47
田丰 6 53 3 0 197 198 195 245 201 221 96 260
沮授 7 66 3 0 38 37 40 46 43 20 3 23
审配 4 66 4 0 285 286 283 19 159 168 182 232
许攸 7 63 3 0 254 253 256 274 295 35 79 92
郭图 7 67 3 0 12 11 10 28 210 196 63 230
逢纪 3 68 3 0 75 76 77 131 35 134 164 66
辛评 5 71 4 0 16 15 14 8 49 148 275 60
荀谌 5 77 4 0 280 279 278 252 86 210 185 292
辛毗 5 61 3 0 44 43 42 263 66 176 291 45
陈登 7 90 3 0 211 212 213 203 190 58 186 166
蒯良 8 71 4 0 233 234 231 289 195 238 212 64
王累 4 53 4 0 220 219 218 236 273 267 102 192
韩胤 7 70 3 0 205 206 203 194 241 283 135 54
沮鹄 6 72 3 0 1 2 298 21 61 106 174 278
杨弘 8 75 3 0 251 252 253 279 144 41 278 81
阎象 5 76 4 0 189 190 187 249 166 130 2 124
蒯越 4 73 4 0 105 106 103 161 59 112 261 86
伍孚 5 88 4 0 277 278 275 87 130 265 77 122
李傕 2 63 4 0 143 144 145 135 103 139 288 118
郭汜 5 63 3 0 178 177 180 170 204 179 10 259
颜良 4 69 4 0 168 167 166 176 93 285 20 253
文丑 7 70 3 0 54 53 56 42 94 61 60 205
潘凤 6 55 3 0 208 207 206 268 218 269 146 131
俞涉 6 80 3 0 137 138 135 154 151 214 39 123
武安国 1 69 3 0 116 115 114 128 298 247 80 164
穆顺 5 63 4 0 74 73 76 45 32 66 92 244
华雄 2 70 4 0 241 242 239 229 205 25 52 182
牛辅 4 60 4 0 108 107 106 156 84 202 298 176
张济 4 69 4 0 117 118 115 114 248 296 144 30
樊稠 5 62 3 0 31 32 33 281 71 248 45 10
胡轸 7 71 3 0 61 62 59 149 1 54 97 193
胡车儿 6 83 4 0 70 69 72 50 153 228 284 206
李肃 4 62 4 0 288 287 286 232 4 32 143 191
高顺 6 86 4 0 215 216 217 20 283 40 62 49
张任 4 82 3 0 190 189 192 250 211 87 170 152
高览 5 70 3 0 25 26 23 9 53 241 194 93
曹性 6 79 4 0 214 213 216 182 184 137 81 151
闵纯 6 63 2 0 282 281 284 67 267 51 171 84
纪灵 5 76 3 0 249 250 247 189 266 252 19 194
马休 7 67 3 0 23 24 25 71 11 99 230 38
马铁 6 47 4 0 96 95 94 84 68 192 197 21
高览 4 57 3 0 103 104 105 47 143 274 226 257
袁谭 6 78 3 0 123 124 125 99 111 206 22 137
袁熙 2 68 3 0 229 230 227 241 134 118 274 219
袁尚 4 69 4 0 253 254 251 273 175 294 118 168
高干 2 51 3 0 246 245 248 198 102 260 115 240
麴义 4 81 4 0 152 151 150 180 97 292 289 190
吕翔 8 66 3 0 209 210 207 201 136 11 78 276
吕旷 5 75 4 0 125 126 123 118 142 82 28 14
韩猛 5 59 5 0 273 274 271 253 220 45 294 104
淳于琼 5 56 3 0 18 17 20 102 67 83 72 73
焦触 5 64 3 0 127 128 129 115 91 95 270 187
张南 6 70 3 0 20 19 18 215 14 38 168 109
马延 7 68 3 0 230 229 232 225 286 261 23 12
雷薄 5 76 2 0 194 193 196 205 293 199 25 249
张勋 4 65 3 0 52 51 50 60 80 42 241 155
陈纪 4 71 4 0 113 114 111 89 46 222 100 106
桥蕤 7 72 3 0 213 214 211 181 228 57 50 15
郝萌 3 73 4 0 198 197 200 246 131 164 27 46
侯成 4 73 3 0 41 42 39 53 55 251 65 148
宋宪 4 73 4 0 86 85 88 34 280 24 47 105
魏续 7 75 3 0 271 272 273 283 169 195 250 11
成廉 6 67 3 0 243 244 245 239 221 279 128 144
蔡瑁 4 86 3 0 195 196 197 183 233 271 264 284
张允 4 83 3 0 82 81 84 94 78 125 223 62
黄祖 8 76 4 0 162 161 164 106 58 22 130 279
苏飞 6 67 4 0 281 282 279 31 245 293 30 239
吕公 6 75 4 0 169 170 167 177 271 278 136 119
侯选 4 60 4 0 176 175 174 168 235 44 51 108
程银 6 56 2 0 131 132 133 75 198 146 287 208
李堪 4 76 3 0 37 38 35 26 145 201 106 56
张横 6 75 4 0 53 54 51 41 25 90 119 201
梁兴 4 71 4 0 4 3 2 275 288 244 196 149
成宜 3 72 4 0 46 45 48 38 113 180 36 198
马玩 7 81 4 0 58 57 60 66 162 211 166 50
杨秋 3 64 4 0 270 269 272 262 226 235 127 258
张让 4 58 2 0 257 258 255 298 107 104 35 103
赵忠 5 76 3 0 124 123 122 100 223 19 225 189
封谞 7 72 3 0 15 16 17 7 50 89 99 213
段珪 5 61 4 0 45 46 43 74 3 273 31 44
曹节 4 59 3 0 35 36 37 39 75 254 257 157
侯览 3 69 4 0 218 217 220 186 208 258 247 222
蹇硕 6 63 4 0 65 66 63 57 110 43 41 150
程旷 3 63 4 0 258 257 260 221 177 218 32 270
夏恽 6 75 3 0 119 120 121 147 60 264 53 169
郭胜 3 78 5 0 188 187 186 172 156 234 59 185
吕伯奢 6 65 4 0 177 178 175 169 258 142 239 67
普净 8 77 3 0 212 211 210 204 69 88 233 136
华佗 4 42 3 0 115 116 117 127 297 159 246 101
于吉 4 60 2 0 83 84 85 95 163 18 157 146
左慈 2 73 4 0 43 44 45 293 38 65 149 8
吉平 3 78 4 0 185 186 183 158 129 100 280 188
