1 200 114 1 
2 136 6 1 
3 209 81 2 
4 128 97 3 
5 69 50 2 
6 266 256 1 
7 161 126 3 
8 22 265 1 
9 40 279 3 
10 162 154 3 
11 233 3 2 
12 87 15 3 
13 193 64 2 
14 54 230 3 
15 291 38 2 
16 92 141 2 
17 165 186 2 
18 5 211 2 
19 166 224 3 
20 216 49 3 
21 214 70 2 
22 11 212 1 
23 251 271 1 
24 289 137 2 
25 169 183 2 
26 223 120 3 
27 174 243 3 
28 110 160 1 
29 227 238 1 
30 26 276 3 
31 239 67 2 
32 248 78 3 
33 65 7 2 
34 260 179 3 
35 225 122 1 
36 58 199 3 
37 28 61 3 
38 252 99 3 
39 261 194 2 
40 292 201 1 
41 283 250 3 
42 53 213 3 
43 129 42 1 
44 23 278 1 
45 263 91 1 
46 125 1 3 
47 109 112 3 
48 20 205 1 
49 59 12 3 
50 272 25 2 
51 286 290 3 
52 254 282 2 
53 31 84 1 
54 294 34 2 
55 273 145 1 
56 226 18 3 
57 171 208 1 
58 96 131 1 
59 21 215 2 
60 206 77 2 
61 88 195 3 
62 234 153 2 
63 151 264 2 
64 152 123 3 
65 62 130 3 
66 184 119 1 
67 121 41 1 
68 133 135 2 
69 60 124 3 
70 172 189 1 
71 27 63 1 
72 170 231 1 
73 16 79 2 
74 281 85 3 
75 144 180 2 
76 242 149 1 
77 236 150 1 
78 177 13 1 
79 293 275 2 
80 74 259 1 
81 107 127 1 
82 134 178 1 
83 45 187 3 
84 244 156 2 
85 196 268 3 
86 44 52 3 
87 217 55 3 
88 197 83 2 
89 35 103 1 
90 101 221 1 
91 277 255 1 
92 90 228 1 
93 39 2 1 
94 14 33 1 
95 24 37 1 
96 188 56 3 
97 105 89 3 
98 142 280 1 
99 48 203 2 
100 132 249 1 
101 93 30 2 
102 106 94 2 
103 46 86 3 
104 117 113 3 
105 168 218 1 
106 253 232 2 
107 163 66 2 
108 237 71 2 
109 10 285 3 
110 147 287 2 
111 108 191 1 
112 288 76 2 
113 29 73 1 
114 104 176 1 
115 32 297 2 
116 192 267 3 
117 220 158 2 
118 284 57 2 
119 82 190 1 
120 111 159 1 
121 36 269 2 
122 181 274 1 
123 4 148 1 
124 8 167 1 
125 51 138 1 
126 155 204 1 
127 262 182 2 
128 296 258 2 
129 100 146 2 
130 270 143 1 
131 72 157 3 
132 202 257 1 
133 298 246 2 
134 98 115 2 
135 173 210 3 
136 185 207 3 
137 17 198 3 
138 19 247 1 
139 75 116 3 
140 229 235 1 
141 222 219 2 
142 175 295 1 
143 245 140 2 
144 43 47 3 
145 80 241 1 
146 95 118 2 
147 9 139 1 
148 240 102 3 
149 68 164 1 
