1 256 165 1 
2 200 50 1 
3 224 6 3 
4 114 21 1 
5 211 58 2 
6 161 266 3 
7 22 162 2 
8 250 126 3 
9 122 183 3 
10 69 174 1 
11 212 88 1 
12 97 225 1 
13 278 169 2 
14 172 78 3 
15 54 61 3 
16 233 238 1 
17 136 3 2 
18 209 11 1 
19 23 99 2 
20 243 279 2 
21 255 186 3 
22 49 166 3 
23 284 216 3 
24 153 77 1 
25 265 277 1 
26 40 215 1 
27 53 90 2 
28 33 81 3 
29 130 189 1 
30 213 57 1 
31 214 137 1 
32 151 184 1 
33 205 283 2 
34 135 263 2 
35 206 123 3 
36 129 154 3 
37 194 199 3 
38 112 105 1 
39 15 89 1 
40 20 38 3 
41 41 251 3 
42 64 150 1 
43 34 227 3 
44 120 239 2 
45 14 109 2 
46 276 163 1 
47 171 291 2 
48 48 92 2 
49 30 141 3 
50 230 261 1 
51 290 79 2 
52 128 85 1 
53 248 31 1 
54 236 286 2 
55 178 179 3 
56 160 76 1 
57 5 7 1 
58 87 190 1 
59 39 62 2 
60 98 121 3 
61 2 223 2 
62 124 19 1 
63 196 12 3 
64 82 125 2 
65 264 119 3 
66 195 271 3 
67 152 292 2 
68 249 252 3 
69 1 106 1 
70 28 203 2 
71 60 138 1 
72 272 193 3 
73 244 4 1 
74 142 177 3 
75 63 167 1 
76 94 231 3 
77 26 132 1 
78 37 201 3 
79 226 242 2 
80 254 35 1 
81 66 74 3 
82 176 44 3 
83 147 91 3 
84 107 187 1 
85 84 133 2 
86 131 146 2 
87 104 257 1 
88 145 155 2 
89 208 269 2 
90 282 51 1 
91 157 217 3 
92 273 45 2 
93 96 192 1 
94 287 297 2 
95 221 197 3 
96 173 170 2 
97 228 70 3 
98 188 234 2 
99 185 100 2 
100 275 47 1 
101 148 16 3 
102 56 36 1 
103 42 52 1 
104 149 289 3 
105 27 59 2 
106 168 285 1 
107 93 181 1 
108 237 111 2 
109 110 182 1 
110 241 25 3 
111 43 65 3 
112 281 293 1 
113 55 262 3 
114 156 259 2 
115 204 232 2 
116 17 29 3 
117 67 191 1 
118 274 103 3 
119 144 207 1 
120 268 298 1 
121 71 101 2 
122 253 294 3 
123 18 83 2 
124 296 117 3 
125 73 175 1 
126 102 10 3 
127 246 260 3 
128 280 210 1 
129 24 86 2 
130 240 13 3 
131 113 222 1 
132 180 46 2 
133 75 134 3 
134 164 198 3 
135 229 118 2 
136 270 235 1 
137 288 32 2 
138 295 219 2 
139 108 202 2 
140 218 258 2 
141 127 95 1 
142 72 158 1 
143 220 267 2 
144 68 140 3 
145 115 159 2 
146 8 80 1 
147 116 247 3 
148 143 139 1 
149 245 9 3 
