荀彧 18 965 7 0 171 172 173 139 181 291 282 226 208 18 236 186 31 147 7 126
荀攸 15 1134 8 0 265 266 263 237 77 277 153 126 22 214 166 225 5 61 15 199
贾诩 12 1052 8 0 278 277 280 111 88 169 251 1 23 42 79 201 90 283 212 40
郭嘉 15 1231 7 0 136 135 134 144 209 3 169 212 6 200 50 199 69 256 126 166
程昱 11 903 8 0 210 209 212 226 12 280 159 102 173 33 36 185 274 4 181 196
戏志才 13 895 8 0 275 276 277 4 262 47 16 231 293 86 198 196 149 260 182 36
刘晔 13 1116 7 0 11 12 13 27 23 209 231 271 212 6 243 233 161 211 172 153
蒋济 15 917 8 0 55 56 57 294 41 262 207 296 217 260 187 5 7 186 285 253
陈群 12 945 7 0 155 156 157 107 133 145 34 52 204 106 217 150 259 249 60 197
华歆 10 762 8 0 192 191 190 164 104 96 101 220 267 175 68 118 139 95 245 202
钟繇 8 933 8 0 17 18 15 101 290 29 293 207 198 185 102 164 190 262 228 47
满宠 16 1142 7 0 154 153 156 137 206 129 199 252 162 22 279 128 243 6 50 161
董昭 13 915 9 0 297 298 295 3 115 287 7 267 32 157 196 198 13 131 66 178
王朗 11 933 8 0 203 204 205 211 72 28 42 263 48 189 45 217 207 93 232 30
崔琰 10 876 8 0 138 137 140 153 106 60 142 167 51 204 8 146 219 80 298 198
毛玠 14 794 8 0 158 157 160 185 95 72 68 140 220 255 115 119 229 122 5 147
杜畿 13 1002 7 0 26 25 28 37 264 132 244 160 276 85 93 238 254 282 84 184
田畴 14 883 7 0 147 148 149 119 146 91 259 235 287 288 29 52 86 171 101 158
王修 15 1092 7 0 49 50 47 69 16 166 255 215 216 3 22 243 213 214 289 160
杨修 12 921 8 0 106 105 108 162 138 1 37 113 94 155 74 168 232 180 159 83
辛毗 14 1056 8 0 216 215 214 5 255 284 165 88 49 195 277 109 231 153 58 70
杨阜 13 915 7 0 36 35 34 40 150 56 46 159 269 207 210 274 180 232 178 275
田豫 10 919 8 0 260 259 258 10 7 246 173 197 179 55 131 76 113 275 296 159
王粲 13 995 8 0 184 183 182 196 214 151 33 174 119 172 62 67 84 127 144 26
蒯越 10 1080 8 0 252 251 250 280 292 249 263 154 99 28 77 58 109 212 56 246
张继 10 1053 8 0 77 78 75 97 265 153 277 234 206 215 252 130 281 89 33 93
杜袭 17 1181 7 0 279 280 281 251 99 243 112 162 40 126 154 6 200 199 114 224
枣祗任峻 6 991 8 0 228 227 226 256 213 70 24 98 90 284 2 19 222 118 17 247
陈矫 15 1071 8 0 261 262 259 242 114 230 105 283 194 123 129 20 87 137 213 53
郗虑 15 1019 8 0 223 224 225 247 124 2 82 130 120 160 56 12 125 179 1 14
桓玠 12 995 8 0 142 141 144 134 125 177 138 129 280 109 53 42 286 135 282 16
丁仪 18 1024 7 0 174 173 176 166 98 69 1 184 243 27 179 250 121 85 38 31
丁廙 20 1059 8 0 97 98 95 77 152 225 61 6 128 266 38 92 141 50 200 114
司马朗 16 980 7 0 34 33 36 86 27 227 155 145 294 74 121 85 205 84 107 67
韩暨 18 1132 7 0 6 5 8 264 48 224 114 97 136 11 23 279 209 154 161 92
韦康 11 835 7 0 235 236 237 291 176 270 95 147 229 75 241 43 247 8 288 118
邴原 13 1087 7 0 172 171 170 188 132 78 109 110 189 184 137 28 70 234 11 281
赵俨 8 807 8 0 245 246 243 197 281 9 139 295 140 102 143 202 264 175 192 191
娄圭 11 944 7 0 63 64 65 151 219 167 12 135 27 60 124 249 30 168 45 189
贾逵 11 1018 8 0 201 202 199 209 197 37 283 53 292 89 27 278 16 2 39 109
陈琳 9 861 8 0 8 7 6 16 100 80 148 43 167 66 138 204 258 235 13 229
司马懿 11 979 8 0 144 143 142 136 251 207 117 243 180 286 125 41 127 264 184 2
张辽 14 1041 6 0 248 247 246 224 117 31 141 179 78 238 160 227 129 112 133 85
徐晃 11 905 7 0 196 195 194 184 240 12 4 204 268 44 297 275 198 157 131 210
夏侯惇 9 1026 7 0 286 285 288 269 230 236 104 291 290 144 42 56 142 33 284 119
夏侯渊 13 747 7 0 140 139 138 132 157 68 221 158 245 173 190 152 255 115 40 225
庞德 16 1010 7 0 7 8 9 15 260 5 297 217 65 67 31 239 55 38 171 134
张郃 17 1163 8 0 224 223 222 248 141 6 64 153 166 50 165 271 170 126 199 279
李典 16 1046 8 0 290 289 292 234 17 79 107 141 286 263 239 125 276 195 169 291
乐进 11 776 8 0 68 67 66 32 96 140 158 139 164 43 192 220 115 255 143 222
典韦 14 1053 7 0 91 92 93 79 127 147 238 112 263 24 20 215 291 57 193 130
曹洪 7 892 8 0 19 20 21 285 62 124 249 94 247 198 182 228 4 274 167 295
曹仁 10 879 8 0 32 31 30 68 74 288 258 175 297 270 229 257 298 100 44 4
曹彰 14 1146 7 0 256 255 254 228 284 165 200 22 266 161 5 61 199 136 146 271
曹纯 13 1124 7 0 99 100 101 123 279 23 15 3 252 40 61 161 183 166 160 122
于禁 13 972 8 0 242 241 244 261 217 226 133 79 149 107 65 74 253 269 111 188
许褚 11 792 7 0 222 221 224 217 118 113 240 218 219 257 295 102 228 220 229 68
吕虔 10 952 8 0 150 149 152 62 36 64 29 65 236 253 207 155 117 217 37 60
李通 14 1043 7 0 283 284 285 271 215 205 201 261 250 53 281 39 78 278 277 276
文聘 13 957 7 0 272 271 270 284 2 193 167 48 25 236 189 263 249 226 259 124
臧霸 9 840 8 0 204 203 202 212 178 232 237 196 155 138 47 8 80 173 103 288
郭淮 16 1034 8 0 179 180 181 219 239 178 160 248 260 92 174 107 38 223 292 112
钟会 11 989 8 0 48 47 46 104 6 92 193 272 203 41 111 264 27 39 177 162
邓艾 7 846 7 0 95 96 97 83 158 127 235 80 118 247 9 139 75 192 164 274
曹休 15 943 7 0 51 52 53 59 287 282 176 268 138 127 117 156 273 163 94 208
张燕 11 902 7 0 237 238 235 265 182 111 204 163 71 76 104 270 96 267 108 46
张绣 13 937 7 0 94 93 96 82 54 231 132 19 106 4 181 226 236 86 51 287
朱灵 11 932 8 0 30 29 32 33 276 141 281 117 93 181 60 62 63 177 145 203
路昭 14 945 8 0 263 264 265 44 47 135 252 203 91 290 107 272 197 207 168 273
史涣 16 1006 8 0 107 108 109 155 257 187 290 134 127 242 263 179 268 1 34 239
韩浩 15 894 7 0 157 158 155 109 140 217 83 35 72 297 298 267 29 196 96 170
王凌 10 815 7 0 139 140 141 171 101 143 245 68 9 241 240 95 192 295 191 258
孙礼 13 948 8 0 24 23 22 72 5 86 228 173 37 91 16 127 145 132 189 207
秦朗 8 1072 8 0 255 256 257 227 216 186 49 221 277 158 152 153 140 68 246 219
郑文 13 1005 8 0 268 267 266 208 207 298 145 51 196 134 205 93 107 188 2 127
夏侯尚 15 1154 8 0 199 200 201 159 234 194 154 87 58 211 40 136 256 279 224 265
毌丘俭 18 1094 7 0 92 91 90 80 294 48 74 254 141 179 276 97 126 200 110 6
诸葛诞 12 813 7 0 9 10 7 25 191 245 267 298 139 143 95 100 103 219 220 175
孙乾 15 1010 7 0 84 83 82 96 108 133 163 282 31 168 254 65 184 34 26 215
简雍 14 1039 7 0 85 86 83 90 109 128 262 238 281 26 12 34 239 174 112 248
糜竺 15 1040 8 0 14 13 16 276 20 109 120 125 33 39 151 213 277 53 141 223
糜芳 9 1100 8 0 21 22 19 1 87 114 5 96 215 122 221 246 101 231 175 102
庞统 16 1010 7 0 67 68 69 282 18 191 269 177 239 7 294 184 12 250 187 34
法正 14 1058 8 0 78 77 80 98 82 172 209 128 248 141 110 87 283 281 70 211
许靖 16 1035 7 0 112 111 110 88 148 105 279 91 109 20 141 1 41 248 85 179
马良 8 791 8 0 240 239 238 244 196 13 222 246 102 164 139 295 164 164 190 173
徐庶 16 1128 8 0 161 162 159 105 22 266 90 225 126 256 3 99 11 128 6 154
陈震 15 881 8 0 267 268 269 207 282 220 9 297 192 208 175 157 104 237 116 35
杨仪 16 1016 7 0 239 240 241 243 179 120 177 281 67 273 290 7 85 69 31 107
费祎 12 1014 7 0 42 41 44 54 289 52 203 89 129 278 286 142 238 254 135 151
蒋琬 13 936 8 0 287 288 289 231 51 297 131 29 147 217 83 66 244 156 10 94
孟优 14 1022 7 0 238 237 240 266 167 233 91 85 227 248 41 26 42 27 20 250
黄皓 16 987 8 0 134 133 136 142 229 75 66 107 178 268 59 205 250 31 12 7
诸葛亮 13 942 8 0 163 164 165 191 83 276 84 237 66 71 168 232 156 51 148 249
关羽 11 1102 8 0 206 205 208 193 154 123 57 70 77 277 153 40 23 160 122 5
张飞 12 1029 8 0 33 34 31 30 90 81 184 39 14 210 284 57 89 286 77 20
马超 10 779 8 0 202 201 204 146 164 108 175 72 257 221 246 245 191 102 173 192
黄忠 10 921 7 0 159 160 161 199 285 115 210 36 111 274 173 4 181 296 106 260
赵云 10 960 8 0 217 218 215 222 242 157 236 7 55 287 155 203 98 150 262 117
魏延 18 1133 8 0 165 166 163 173 40 256 216 114 186 5 224 251 3 15 69 50
关平 9 976 7 0 145 146 143 141 37 155 268 34 273 156 226 148 24 111 30 181
周仓 15 941 7 0 226 225 228 210 270 242 103 171 18 293 145 94 189 272 253 66
关兴 12 1046 8 0 56 55 54 64 29 36 110 37 188 133 223 286 82 130 252 294
张苞 11 933 7 0 10 9 12 260 160 102 178 31 285 296 167 182 185 198 287 45
陈到 13 951 8 0 207 208 209 267 268 144 55 17 185 36 150 253 203 263 249 24
李严 18 1307 7 0 69 70 67 49 212 174 183 200 50 114 186 266 136 239 165 195
姜维 11 1090 7 0 109 110 107 157 85 14 172 20 112 142 123 216 252 162 153 201
廖化 8 939 9 0 180 179 178 152 244 46 181 269 144 59 253 45 36 106 117 262
马谡 13 1124 8 0 122 121 124 129 126 183 87 277 225 21 289 221 271 158 206 99
马岱 8 764 7 0 295 296 297 76 254 219 191 245 175 118 222 240 167 139 241 19
陈式 13 1047 7 0 153 154 151 138 70 77 265 224 234 58 206 255 57 216 109 11
雷铜 12 1049 7 0 294 293 296 55 92 253 273 76 34 254 67 79 151 20 194 56
吴兰 16 833 8 0 101 102 99 17 139 71 192 115 221 35 88 96 21 5 147 236
王平 11 939 8 0 232 231 230 288 149 204 156 285 253 178 197 163 106 36 203 280
任夔 15 1089 8 0 160 159 158 200 10 76 179 26 110 223 248 129 28 206 99 49
张翼 7 892 7 0 274 273 276 254 73 103 229 13 181 159 148 36 210 19 75 95
马忠 11 927 7 0 148 147 146 120 112 16 8 41 4 47 274 145 178 181 163 185
张南 15 906 6 0 170 169 172 178 89 173 190 111 231 177 25 18 224 253 35 157
冯习 16 1056 8 0 291 292 293 235 227 171 44 286 38 276 54 70 91 213 211 290
傅佥 14 1108 8 0 64 63 62 56 236 150 224 233 193 120 213 214 81 28 230 183
关索 7 984 8 0 173 174 171 165 135 170 260 24 210 140 159 190 152 204 202 240
陆逊 17 1243 7 0 126 125 128 133 122 250 266 265 161 279 209 200 92 224 136 171
张昭 17 998 8 0 186 185 188 218 269 255 211 5 165 225 69 171 1 55 195 54
张紘 17 1067 8 0 141 142 139 145 224 30 248 290 92 78 112 81 97 110 14 137
鲁肃 15 1087 8 0 289 290 287 233 42 149 152 121 137 169 122 211 123 194 49 213
虞翻 14 1011 8 0 250 249 252 190 39 126 271 2 283 54 1 174 134 67 16 238
顾雍 18 1058 8 0 129 130 127 122 185 154 292 142 42 87 261 160 248 81 90 110
诸葛谨 17 1104 7 0 81 82 79 93 57 33 214 251 209 230 120 141 64 129 137 243
诸葛恪 14 1047 8 0 28 27 26 12 183 203 125 90 61 252 82 172 160 64 234 193
陆凯 12 899 7 0 293 294 291 43 194 281 17 100 275 226 66 83 221 146 72 298
骆统 13 841 7 0 104 103 102 48 192 257 286 273 176 29 237 143 267 116 218 115
周鲂 12 912 7 0 296 295 294 292 128 117 219 55 258 10 13 178 83 159 260 44
周瑜 9 992 7 0 264 263 262 6 26 119 195 57 151 90 39 48 245 144 152 284
吕蒙 11 901 8 0 149 150 147 61 232 289 43 4 242 45 244 13 275 72 46 103
甘宁 12 1043 7 0 89 90 87 113 170 15 93 42 105 201 133 82 33 77 130 125
太史慈 25 1272 7 0 200 199 198 160 120 50 256 69 114 136 266 126 279 92 97 233
程普 18 1060 7 0 110 109 112 73 65 182 56 172 160 128 78 120 195 141 92 129
黄盖 14 890 8 0 72 71 70 24 203 158 18 202 157 219 80 258 257 149 293 113
韩当 18 1285 7 0 50 49 52 70 15 200 213 58 69 224 136 22 114 97 154 165
周泰 9 873 8 0 167 168 169 175 238 63 272 138 8 80 10 98 295 152 19 73
蒋钦 7 839 7 0 247 248 249 223 259 116 218 71 19 95 118 191 235 47 43 228
丁奉 11 1177 8 0 5 6 3 216 24 7 21 186 211 165 256 55 265 101 158 206
徐盛 11 880 7 0 13 14 11 29 121 240 111 274 177 259 296 149 297 185 8 76
陈武 9 977 8 0 98 97 100 78 174 121 234 228 115 246 105 167 217 37 119 177
凌操 14 973 8 0 187 188 189 259 231 107 71 127 45 52 55 244 124 74 67 269
凌统 12 875 8 0 298 297 1 257 116 268 108 9 246 176 157 229 32 258 138 293
潘璋 19 1130 8 0 120 119 118 148 200 239 14 183 223 64 81 110 15 22 251 266
朱然 19 1232 7 0 266 265 268 238 249 161 126 40 256 97 200 69 22 114 233 120
孙桓 16 1040 7 0 90 89 92 85 33 53 161 28 228 264 130 169 278 87 129 38
马忠 20 1164 7 0 114 113 116 117 261 21 6 165 200 69 230 15 50 266 279 97
孙韶 12 1014 8 0 151 152 153 63 137 184 40 214 264 234 14 281 294 41 27 42
朱桓 16 1117 7 0 22 21 24 2 161 162 123 256 265 154 49 50 266 120 3 23
夏恂 13 883 8 0 182 181 184 214 237 110 285 241 262 117 19 10 73 46 275 108
周平 13 1033 8 0 57 58 55 65 81 213 206 264 284 2 234 33 153 91 162 227
全琮 14 1050 8 0 193 194 191 206 225 272 48 61 64 243 292 54 169 70 91 28
于诠 16 1036 8 0 87 88 89 277 21 190 122 199 15 129 227 78 261 90 276 169
张角 9 829 7 0 219 220 221 179 63 295 296 229 222 72 191 175 138 9 118 255
何进 9 1019 8 0 284 283 282 272 256 216 70 195 57 228 33 234 2 105 286 264
董卓 4 713 8 0 164 163 162 192 202 198 75 116 68 240 43 17 240 240 95 241
袁绍 12 1026 8 0 79 80 81 91 76 290 254 242 16 135 278 294 292 133 41 231
吕布 15 862 7 0 146 145 148 202 147 131 208 83 100 191 44 138 108 293 256 270
袁术 14 975 7 0 269 270 267 286 186 208 67 180 36 105 132 189 62 242 121 187
刘表 14 1051 8 0 130 129 132 121 277 189 162 223 62 194 90 77 234 56 89 91
刘璋 13 948 7 0 62 61 64 150 19 39 215 82 130 119 184 30 269 208 280 259
马腾 10 978 8 0 93 94 91 81 168 181 89 25 30 111 26 268 132 203 105 77
张鲁 16 1168 6 0 128 127 126 116 296 85 243 78 97 110 169 154 233 161 270 209
韩遂 14 928 7 0 244 243 242 240 180 4 26 74 156 113 149 187 287 178 83 86
公孙瓒 12 1184 8 0 225 226 223 230 193 97 124 161 122 186 162 265 285 88 271 140
韩馥 12 857 6 0 80 79 78 92 52 8 116 95 241 167 72 75 204 138 102 220
刘岱 16 1119 7 0 3 4 5 297 45 136 38 99 233 49 161 23 165 183 22 230
王匡 9 913 8 0 73 74 71 110 274 175 76 18 29 218 4 46 182 44 100 167
张邈 8 826 7 0 191 192 193 163 9 67 295 288 108 146 219 247 202 43 139 245
孔伷 13 947 8 0 259 260 261 187 247 156 147 178 74 13 71 117 155 60 272 62
陶谦 14 1101 7 0 88 87 86 112 278 212 121 216 195 131 101 115 162 225 23 194
鲍信 8 850 8 0 47 48 49 103 263 275 86 181 43 148 204 241 100 247 258 17
桥瑁 12 1004 8 0 135 136 137 143 173 263 205 63 133 79 188 16 105 142 42 282
袁遗 10 947 8 0 60 59 58 52 119 138 54 16 124 63 30 37 45 259 155 150
孔融 8 966 8 0 262 261 264 270 275 55 85 156 182 46 185 280 37 17 217 180
张超 11 851 8 0 76 75 74 295 79 160 73 294 288 237 100 260 44 108 176 13
张杨 14 1044 8 0 276 275 274 14 30 163 227 209 26 291 92 38 290 277 87 283
刘度 14 976 8 0 121 122 119 130 13 98 88 289 41 124 34 282 174 65 269 132
赵范 9 872 7 0 100 99 98 124 8 185 113 293 146 258 76 9 47 32 73 75
金旋 13 1021 7 0 39 40 41 35 250 62 137 33 2 14 264 283 215 48 201 1
韩玄 11 975 7 0 111 112 113 278 123 237 13 170 159 93 48 132 246 145 242 152
张宝 11 855 7 0 29 30 27 13 56 17 150 287 73 104 147 103 157 96 257 218
张梁 11 799 8 0 118 117 120 125 222 229 253 143 95 295 247 192 220 228 219 235
程远志 14 1013 7 0 27 28 29 11 34 59 198 133 63 174 201 231 48 238 151 41
邓茂 16 943 7 0 236 235 234 220 64 286 217 227 150 272 171 273 94 270 205 101
马元义 16 957 7 0 71 72 73 23 31 101 187 247 237 163 259 59 168 25 74 205
赵弘 16 1025 8 0 133 134 131 126 155 84 242 27 135 56 89 53 227 79 248 277
韩忠 16 1041 7 0 292 291 290 296 252 152 129 280 201 183 193 195 79 169 179 234
孙夏 12 763 8 0 175 176 177 167 253 73 202 32 295 192 267 219 143 245 21 9
管亥 16 1044 7 0 234 233 236 290 199 188 98 77 153 151 57 284 130 172 28 292
何仪 14 986 7 0 132 131 130 140 172 26 94 59 249 205 269 111 93 24 254 121
刘辟 14 1118 8 0 183 184 185 195 28 122 69 120 169 292 194 162 99 3 61 64
龚都 12 1138 7 0 40 39 38 36 165 215 151 266 279 99 199 206 61 58 140 278
裴元绍 14 933 8 0 156 155 154 108 188 259 232 262 244 145 113 51 163 287 86 52
高升 12 1027 8 0 231 232 233 287 187 94 11 275 170 281 119 27 216 21 125 79
张闿 15 921 8 0 66 65 68 58 44 74 134 75 163 8 293 287 46 113 297 226
韩暹 12 968 8 0 59 60 61 51 105 27 188 132 12 180 134 71 208 197 25 168
李乐 13 851 7 0 221 222 219 258 243 197 140 255 101 202 21 122 293 35 115 257
杨奉 10 775 7 0 102 101 104 18 246 10 220 210 240 245 17 222 119 202 80 21
董承 11 981 8 0 2 1 4 22 272 223 189 250 39 57 228 105 284 201 268 144
王子服 13 1037 7 0 227 228 229 255 291 34 276 236 238 38 87 248 133 82 215 57
李儒 15 1142 8 0 166 165 168 174 189 49 58 211 224 96 265 209 251 99 243 136
陈宫 9 918 8 0 181 182 179 213 171 93 180 47 274 30 94 197 159 148 210 145
田丰 12 945 8 0 197 198 195 245 201 221 96 260 83 285 232 181 263 59 273 155
沮授 16 1037 7 0 38 37 40 46 43 20 3 23 291 227 97 276 179 7 174 90
审配 17 868 8 0 285 286 283 19 159 168 182 232 10 197 208 35 225 271 55 123
许攸 14 997 7 0 254 253 256 274 295 35 79 92 282 294 84 124 26 42 132 12
郭图 14 1011 7 0 12 11 10 28 210 196 63 230 59 1 85 223 67 16 134 254
逢纪 9 851 8 0 75 76 77 131 35 134 164 66 116 235 176 80 95 288 274 100
辛评 12 994 8 0 16 15 14 8 49 148 275 60 79 125 24 135 201 12 250 142
荀谌 11 953 7 0 280 279 278 252 86 210 185 292 142 249 37 262 177 189 62 232
辛毗 12 900 8 0 44 43 42 263 66 176 291 45 52 196 146 108 76 73 32 296
陈登 14 1074 7 0 211 212 213 203 190 58 186 166 5 199 214 289 230 11 291 78
蒯良 19 1137 7 0 233 234 231 289 195 238 212 64 3 251 15 11 128 54 266 200
王累 12 836 7 0 220 219 218 236 273 267 102 192 158 103 288 68 118 222 9 80
韩胤 16 973 7 0 205 206 203 194 241 283 135 54 20 132 268 134 34 124 236 71
沮鹄 13 1016 8 0 1 2 298 21 61 106 174 278 125 12 250 112 186 107 223 39
杨弘 17 1133 8 0 251 252 253 279 144 41 278 81 271 233 212 165 166 243 120 15
阎象 11 961 7 0 189 190 187 249 166 130 2 124 172 203 272 269 226 280 24 63
蒯越 12 989 7 0 105 106 103 161 59 112 261 86 89 269 98 2 135 284 93 37
伍孚 16 1030 7 0 277 278 275 87 130 265 77 122 255 206 216 194 14 276 283 133
李傕 13 813 8 0 143 144 145 135 103 139 288 118 270 9 245 104 175 257 68 116
郭汜 13 917 8 0 178 177 180 170 204 179 10 259 134 232 46 296 148 244 36 297
颜良 12 953 8 0 168 167 166 176 93 285 20 253 218 84 163 106 71 63 263 59
文丑 17 1072 8 0 54 53 56 42 94 61 60 205 230 250 291 193 137 233 123 186
潘凤 15 978 6 0 208 207 206 268 218 269 146 131 171 267 285 113 59 62 124 51
俞涉 17 1082 7 0 137 138 135 154 151 214 39 123 289 61 172 230 54 261 81 141
武安国 13 828 7 0 116 115 114 128 298 247 80 164 75 229 258 288 176 104 267 143
穆顺 14 956 7 0 74 73 76 45 32 66 92 244 259 34 106 242 18 187 71 25
华雄 5 885 8 0 241 242 239 229 205 25 52 182 80 139 235 47 43 190 295 164
牛辅 13 894 8 0 108 107 106 156 84 202 298 176 191 83 52 44 146 76 237 182
张济 10 948 8 0 117 118 115 114 248 296 144 30 113 182 51 259 150 45 180 217
樊稠 18 986 8 0 31 32 33 281 71 248 45 10 84 65 7 25 171 134 239 174
胡轸 14 1132 7 0 61 62 59 149 1 54 97 193 28 137 99 256 40 265 183 214
胡车儿 14 1056 7 0 70 69 72 50 153 228 284 206 214 213 195 291 172 193 78 216
李肃 9 829 8 0 288 287 286 232 4 32 143 191 76 147 220 116 218 75 235 204
高顺 15 1005 8 0 215 216 217 20 283 40 62 49 21 77 58 91 39 125 227 84
张任 5 946 7 0 190 189 192 250 211 87 170 152 82 115 140 173 17 241 240 43
高览 14 969 7 0 25 26 23 9 53 241 194 93 272 282 170 31 65 71 59 74
曹性 14 1109 8 0 214 213 216 182 184 137 81 151 70 265 211 64 58 49 209 61
闵纯 12 1011 7 0 282 281 284 67 267 51 171 84 254 25 177 121 188 26 142 135
纪灵 13 938 8 0 249 250 247 189 266 252 19 194 132 280 127 63 272 155 207 163
马休 16 1114 8 0 23 24 25 71 11 99 230 38 278 162 6 3 206 209 88 22
马铁 13 878 7 0 96 95 94 84 68 192 197 21 131 166 271 101 237 29 157 176
高览 11 856 8 0 103 104 105 47 143 274 226 257 35 220 270 29 9 176 204 149
袁谭 17 1061 7 0 123 124 125 99 111 206 22 137 152 261 109 212 289 230 54 285
袁熙 9 833 7 0 229 230 227 241 134 118 274 219 235 116 32 298 158 218 222 8
袁尚 15 934 7 0 253 254 251 273 175 294 118 168 232 150 180 207 242 170 226 55
高干 11 758 7 0 246 245 248 198 102 260 115 240 298 98 202 21 111 119 255 252
麴义 11 973 8 0 152 151 150 180 97 292 289 190 123 82 255 140 173 167 264 111
吕翔 16 1137 7 0 209 210 207 201 136 11 78 276 81 15 126 166 6 23 214 128
吕旷 12 1042 8 0 125 126 123 118 142 82 28 14 1 16 144 290 223 215 231 89
韩猛 14 951 7 0 273 274 271 253 220 45 294 104 145 239 86 236 51 83 197 263
淳于琼 13 929 7 0 18 17 20 102 67 83 72 73 226 171 35 170 74 52 185 131
焦触 13 1012 7 0 127 128 129 115 91 95 270 187 107 51 249 24 144 184 82 268
张南 12 1038 7 0 20 19 18 215 14 38 168 109 205 112 91 261 53 294 238 33
马延 16 1100 8 0 230 229 232 225 286 261 23 12 54 81 114 137 211 123 64 3
雷薄 14 1080 7 0 194 193 196 205 293 199 25 249 261 130 183 277 212 289 294 88
张勋 14 906 8 0 52 51 50 60 80 42 241 155 44 187 108 147 131 18 113 156
陈纪 14 918 7 0 113 114 111 89 46 222 100 106 117 244 156 208 260 66 52 72
桥蕤 15 1079 7 0 213 214 211 181 228 57 50 15 53 70 64 14 49 291 261 289
郝萌 10 890 8 0 198 197 200 246 131 164 27 46 17 19 275 297 196 10 4 138
侯成 14 1024 7 0 41 42 39 53 55 251 65 148 121 48 238 144 112 151 79 27
宋宪 14 935 7 0 86 85 88 34 280 24 47 105 46 275 273 131 147 94 156 244
魏续 14 1131 8 0 271 272 273 283 169 195 250 11 251 212 96 224 122 285 225 256
成廉 17 1119 7 0 243 244 245 239 221 279 128 144 174 193 11 49 154 251 166 81
蔡瑁 19 1047 7 0 195 196 197 183 233 271 264 284 88 216 70 292 110 290 186 69
张允 15 1007 7 0 82 81 84 94 78 125 223 62 190 152 28 89 56 227 127 65
黄祖 11 1074 7 0 162 161 164 106 58 22 130 279 154 23 225 183 88 109 57 48
苏飞 13 1040 8 0 281 282 279 31 245 293 30 239 85 231 283 151 77 78 53 172
吕公 16 1038 7 0 169 170 167 177 271 278 136 119 183 289 128 90 193 292 290 87
侯选 13 869 7 0 176 175 174 168 235 44 51 108 104 298 75 218 116 103 76 96
程银 13 926 8 0 131 132 133 75 198 146 287 208 96 88 260 86 52 297 196 18
李堪 12 959 8 0 37 38 35 26 145 201 106 56 24 188 280 60 262 98 150 105
张横 15 1041 8 0 53 54 51 41 25 90 119 201 213 283 142 133 20 14 281 261
梁兴 10 892 8 0 4 3 2 275 288 244 196 149 148 94 73 159 19 210 198 32
成宜 11 902 7 0 46 45 48 38 113 180 36 198 86 262 178 73 66 182 149 237
马玩 14 1067 8 0 58 57 60 66 162 211 166 50 199 153 215 252 214 40 216 212
杨秋 15 862 8 0 270 269 272 262 226 235 127 258 143 32 103 237 35 236 128 146
张让 13 855 7 0 257 258 255 298 107 104 35 103 202 222 218 32 72 143 29 221
赵忠 13 956 8 0 124 123 122 100 223 19 225 189 60 121 63 254 187 205 208 272
封谞 17 1144 8 0 15 16 17 7 50 89 99 213 87 209 233 114 120 165 265 251
段珪 11 933 8 0 45 46 43 74 3 273 31 44 187 149 203 180 60 117 63 10
曹节 15 900 7 0 35 36 37 39 75 254 257 157 103 101 18 285 270 221 170 267
侯览 11 845 7 0 218 217 220 186 208 258 247 222 168 73 257 176 288 229 104 29
蹇硕 15 990 8 0 65 66 63 57 110 43 41 150 7 31 242 84 25 121 188 82
程旷 10 865 7 0 258 257 260 221 177 218 32 270 296 100 116 72 8 298 47 139
夏恽 9 1017 7 0 119 120 121 147 60 264 53 169 184 62 231 158 102 246 98 286
郭胜 13 985 7 0 188 187 186 172 156 234 59 185 56 37 135 177 282 268 65 242
吕伯奢 9 984 7 0 177 178 175 169 258 142 239 67 13 170 282 188 280 30 48 98
普净 14 1096 7 0 212 211 210 204 69 88 233 136 11 271 251 123 194 252 278 58
华佗 13 806 8 0 115 116 117 127 297 159 246 101 98 190 158 88 68 140 221 104
于吉 12 944 7 0 83 84 85 95 163 18 157 146 197 108 287 293 296 273 244 106
左慈 7 835 7 0 43 44 45 293 38 65 149 8 47 68 164 235 241 191 247 190
吉平 11 920 8 0 185 186 183 158 129 100 280 188 207 17 262 210 10 13 18 148
