1 169 114 3 
2 200 15 2 
3 126 31 1 
4 128 161 3 
5 110 186 3 
6 266 7 1 
7 97 69 1 
8 154 251 2 
9 120 256 1 
10 64 250 1 
11 54 92 3 
12 193 124 2 
13 285 279 3 
14 136 224 2 
15 233 183 3 
16 6 28 1 
17 141 211 1 
18 292 87 2 
19 174 38 1 
20 121 248 3 
21 34 82 3 
22 12 287 2 
23 155 267 2 
24 50 172 3 
25 22 3 1 
26 133 252 3 
27 90 123 3 
28 276 84 3 
29 283 65 1 
30 238 134 3 
31 187 86 3 
32 131 253 2 
33 177 35 1 
34 176 165 2 
35 243 199 1 
36 40 265 3 
37 81 137 2 
38 213 289 2 
39 206 11 1 
40 49 291 3 
41 130 39 2 
42 239 223 2 
43 189 20 1 
44 151 132 2 
45 242 83 3 
46 163 51 3 
47 170 66 1 
48 96 143 3 
49 78 271 2 
50 214 290 2 
51 53 261 3 
52 129 88 2 
53 195 234 1 
54 281 41 2 
55 77 254 1 
56 125 107 2 
57 205 294 1 
58 79 57 1 
59 25 55 3 
60 269 236 1 
61 94 150 2 
62 71 93 2 
63 249 237 3 
64 113 29 1 
65 149 270 1 
66 9 146 3 
67 138 116 3 
68 166 229 3 
69 115 61 1 
70 230 162 3 
71 278 99 3 
72 21 109 3 
73 179 127 2 
74 112 231 3 
75 282 201 1 
76 197 215 1 
77 273 286 3 
78 26 59 3 
79 18 264 2 
80 30 52 3 
81 275 157 3 
82 36 257 2 
83 274 262 1 
84 139 85 1 
85 70 68 2 
86 160 14 2 
87 89 277 2 
88 58 216 3 
89 171 268 3 
90 208 284 1 
91 135 74 2 
92 203 98 1 
93 297 260 1 
94 73 228 2 
95 181 108 1 
96 24 106 2 
97 13 204 3 
98 196 293 3 
99 219 76 1 
100 158 246 1 
101 122 140 3 
102 212 23 3 
103 56 153 3 
104 144 27 1 
105 42 188 1 
106 33 62 2 
107 48 263 2 
108 2 63 3 
109 111 46 3 
110 45 232 3 
111 147 104 3 
112 180 182 1 
113 221 17 3 
114 72 220 3 
115 191 5 2 
116 225 209 2 
117 227 194 2 
118 1 255 3 
119 184 142 3 
120 168 119 1 
121 217 272 3 
122 207 226 1 
123 190 244 1 
124 44 148 1 
125 198 185 1 
126 298 288 2 
127 245 91 2 
128 16 156 3 
129 296 60 1 
130 117 178 3 
131 10 103 3 
132 101 118 1 
133 95 32 3 
134 218 235 2 
135 222 175 1 
136 295 67 3 
137 105 192 1 
138 145 259 1 
139 4 100 1 
140 19 80 3 
141 202 247 3 
142 43 152 1 
143 280 8 3 
144 37 167 1 
145 173 164 1 
146 75 159 1 
147 102 47 3 
148 240 241 2 
149 210 258 1 
