1 114 266 0
2 126 186 0
3 251 200 0
4 128 120 0
5 161 97 0
6 15 64 0
7 183 110 0
8 169 31 0
9 154 174 0
10 224 54 0
11 92 193 0
12 141 82 0
13 292 248 0
14 155 12 0
15 124 267 0
16 69 22 0
17 279 136 0
18 6 243 0
19 172 84 0
20 250 87 0
21 7 283 0
22 51 134 0
23 189 177 0
24 285 176 0
25 50 265 0
26 28 256 0
27 133 38 0
28 195 252 0
29 123 211 0
30 77 121 0
31 130 291 0
32 223 79 0
33 55 131 0
34 287 86 0
35 83 269 0
36 149 116 0
37 233 115 0
38 165 213 0
39 199 289 0
40 81 206 0
41 3 261 0
42 129 99 0
43 88 276 0
44 162 65 0
45 109 34 0
46 282 242 0
47 170 151 0
48 238 93 0
49 253 52 0
50 137 237 0
51 113 143 0
52 11 53 0
53 214 90 0
54 234 239 0
55 39 107 0
56 205 25 0
57 231 20 0
58 268 216 0
59 187 132 0
60 197 264 0
61 94 35 0
62 66 150 0
63 59 18 0
64 96 71 0
65 29 181 0
66 146 274 0
67 229 68 0
68 219 140 0
69 139 40 0
70 78 290 0
71 271 49 0
72 41 14 0
73 281 125 0
74 278 294 0
75 127 112 0
76 215 163 0
77 286 63 0
78 26 46 0
79 157 36 0
80 275 73 0
81 293 9 0
82 138 220 0
83 257 204 0
84 230 153 0
85 70 23 0
86 254 179 0
87 277 58 0
88 160 171 0
89 57 208 0
90 273 142 0
91 236 144 0
92 62 48 0
93 203 297 0
94 263 249 0
95 44 228 0
96 270 196 0
97 106 104 0
98 180 262 0
99 17 158 0
100 191 166 0
101 61 21 0
102 135 89 0
103 201 42 0
104 74 272 0
105 2 207 0
106 30 111 0
107 45 13 0
108 232 198 0
109 24 178 0
110 298 221 0
111 246 72 0
112 5 122 0
113 85 225 0
114 209 227 0
115 212 27 0
116 56 255 0
117 168 194 0
118 33 145 0
119 284 98 0
120 260 108 0
121 244 185 0
122 190 32 0
123 76 218 0
124 235 288 0
125 245 1 0
126 222 67 0
127 91 188 0
128 184 156 0
129 119 296 0
130 105 147 0
131 103 37 0
132 182 101 0
133 95 8 0
134 80 295 0
135 247 43 0
136 217 226 0
137 117 60 0
138 10 4 0
139 148 202 0
140 192 16 0
141 259 118 0
142 75 173 0
143 100 167 0
144 175 210 0
145 152 19 0
146 241 280 0
147 240 47 0
148 164 159 0
149 102 258 0
