荀彧 12 371 6 0 171 172 173 139 181 291 282 226 208 18 236 186
荀攸 10 482 6 0 265 266 263 237 77 277 153 126 22 214 166 225
贾诩 10 422 5 0 278 277 280 111 88 169 251 1 23 42 79 201
郭嘉 12 508 5 0 136 135 134 144 209 3 169 212 6 200 50 199
程昱 6 392 5 0 210 209 212 226 12 280 159 102 173 33 36 185
戏志才 8 369 6 0 275 276 277 4 262 47 16 231 293 86 198 196
刘晔 12 459 5 0 11 12 13 27 23 209 231 271 212 6 243 233
蒋济 12 356 5 0 55 56 57 294 41 262 207 296 217 260 187 5
陈群 7 392 6 0 155 156 157 107 133 145 34 52 204 106 217 150
华歆 5 313 6 0 192 191 190 164 104 96 101 220 267 175 68 118
钟繇 3 418 6 0 17 18 15 101 290 29 293 207 198 185 102 164
满宠 13 461 6 0 154 153 156 137 206 129 199 252 162 22 279 128
董昭 8 364 6 0 297 298 295 3 115 287 7 267 32 157 196 198
王朗 7 388 6 0 203 204 205 211 72 28 42 263 48 189 45 217
崔琰 8 354 6 0 138 137 140 153 106 60 142 167 51 204 8 146
毛玠 7 296 5 0 158 157 160 185 95 72 68 140 220 255 115 119
杜畿 9 416 6 0 26 25 28 37 264 132 244 160 276 85 93 238
田畴 10 338 6 0 147 148 149 119 146 91 259 235 287 288 29 52
王修 12 443 6 0 49 50 47 69 16 166 255 215 216 3 22 243
杨修 8 379 6 0 106 105 108 162 138 1 37 113 94 155 74 168
辛毗 8 449 6 0 216 215 214 5 255 284 165 88 49 195 277 109
杨阜 6 395 6 0 36 35 34 40 150 56 46 159 269 207 210 274
田豫 8 357 5 0 260 259 258 10 7 246 173 197 179 55 131 76
王粲 10 409 6 0 184 183 182 196 214 151 33 174 119 172 62 67
蒯越 9 456 5 0 252 251 250 280 292 249 263 154 99 28 77 58
张继 9 447 5 0 77 78 75 97 265 153 277 234 206 215 252 130
杜袭 13 474 5 0 279 280 281 251 99 243 112 162 40 126 154 6
枣祗任峻 5 444 5 0 228 227 226 256 213 70 24 98 90 284 2 19
陈矫 11 430 5 0 261 262 259 242 114 230 105 283 194 123 129 20
郗虑 10 416 5 0 223 224 225 247 124 2 82 130 120 160 56 12
桓玠 8 422 6 0 142 141 144 134 125 177 138 129 280 109 53 42
丁仪 11 409 5 0 174 173 176 166 98 69 1 184 243 27 179 250
丁廙 14 412 6 0 97 98 95 77 152 225 61 6 128 266 38 92
司马朗 12 384 6 0 34 33 36 86 27 227 155 145 294 74 121 85
韩暨 13 469 5 0 6 5 8 264 48 224 114 97 136 11 23 279
韦康 4 356 6 0 235 236 237 291 176 270 95 147 229 75 241 43
邴原 10 439 6 0 172 171 170 188 132 78 109 110 189 184 137 28
赵俨 6 309 6 0 245 246 243 197 281 9 139 295 140 102 143 202
娄圭 8 396 5 0 63 64 65 151 219 167 12 135 27 60 124 249
贾逵 10 424 5 0 201 202 199 209 197 37 283 53 292 89 27 278
陈琳 6 356 6 0 8 7 6 16 100 80 148 43 167 66 138 204
司马懿 9 413 5 0 144 143 142 136 251 207 117 243 180 286 125 41
张辽 11 418 6 0 248 247 246 224 117 31 141 179 78 238 160 227
徐晃 8 366 6 0 196 195 194 184 240 12 4 204 268 44 297 275
夏侯惇 8 428 5 0 286 285 288 269 230 236 104 291 290 144 42 56
夏侯渊 7 280 5 0 140 139 138 132 157 68 221 158 245 173 190 152
庞德 13 391 6 0 7 8 9 15 260 5 297 217 65 67 31 239
张郃 10 477 5 0 224 223 222 248 141 6 64 153 166 50 165 271
李典 11 415 5 0 290 289 292 234 17 79 107 141 286 263 239 125
乐进 7 300 6 0 68 67 66 32 96 140 158 139 164 43 192 220
典韦 9 433 5 0 91 92 93 79 127 147 238 112 263 24 20 215
曹洪 5 383 6 0 19 20 21 285 62 124 249 94 247 198 182 228
曹仁 7 347 6 0 32 31 30 68 74 288 258 175 297 270 229 257
曹彰 11 482 6 0 256 255 254 228 284 165 200 22 266 161 5 61
曹纯 11 468 5 0 99 100 101 123 279 23 15 3 252 40 61 161
于禁 10 388 5 0 242 241 244 261 217 226 133 79 149 107 65 74
许褚 6 322 5 0 222 221 224 217 118 113 240 218 219 257 295 102
吕虔 7 391 6 0 150 149 152 62 36 64 29 65 236 253 207 155
李通 9 432 5 0 283 284 285 271 215 205 201 261 250 53 281 39
文聘 9 391 6 0 272 271 270 284 2 193 167 48 25 236 189 263
臧霸 6 359 6 0 204 203 202 212 178 232 237 196 155 138 47 8
郭淮 11 408 5 0 179 180 181 219 239 178 160 248 260 92 174 107
钟会 7 419 5 0 48 47 46 104 6 92 193 272 203 41 111 264
邓艾 4 347 5 0 95 96 97 83 158 127 235 80 118 247 9 139
曹休 9 383 5 0 51 52 53 59 287 282 176 268 138 127 117 156
张燕 10 338 5 0 237 238 235 265 182 111 204 163 71 76 104 270
张绣 10 381 5 0 94 93 96 82 54 231 132 19 106 4 181 226
朱灵 8 405 6 0 30 29 32 33 276 141 281 117 93 181 60 62
路昭 9 390 6 0 263 264 265 44 47 135 252 203 91 290 107 272
史涣 11 396 5 0 107 108 109 155 257 187 290 134 127 242 263 179
韩浩 9 346 5 0 157 158 155 109 140 217 83 35 72 297 298 267
王凌 4 334 6 0 139 140 141 171 101 143 245 68 9 241 240 95
孙礼 8 400 6 0 24 23 22 72 5 86 228 173 37 91 16 127
秦朗 8 468 5 0 255 256 257 227 216 186 49 221 277 158 152 153
郑文 9 398 6 0 268 267 266 208 207 298 145 51 196 134 205 93
夏侯尚 12 473 5 0 199 200 201 159 234 194 154 87 58 211 40 136
毌丘俭 14 409 6 0 92 91 90 80 294 48 74 254 141 179 276 97
诸葛诞 6 335 6 0 9 10 7 25 191 245 267 298 139 143 95 100
孙乾 10 400 5 0 84 83 82 96 108 133 163 282 31 168 254 65
简雍 12 412 5 0 85 86 83 90 109 128 262 238 281 26 12 34
糜竺 11 438 5 0 14 13 16 276 20 109 120 125 33 39 151 213
糜芳 7 489 6 0 21 22 19 1 87 114 5 96 215 122 221 246
庞统 10 413 5 0 67 68 69 282 18 191 269 177 239 7 294 184
法正 11 419 6 0 78 77 80 98 82 172 209 128 248 141 110 87
许靖 11 412 5 0 112 111 110 88 148 105 279 91 109 20 141 1
马良 3 353 6 0 240 239 238 244 196 13 222 246 102 164 139 295
徐庶 11 470 5 0 161 162 159 105 22 266 90 225 126 256 3 99
陈震 9 338 6 0 267 268 269 207 282 220 9 297 192 208 175 157
杨仪 13 397 5 0 239 240 241 243 179 120 177 281 67 273 290 7
费祎 8 423 6 0 42 41 44 54 289 52 203 89 129 278 286 142
蒋琬 9 371 5 0 287 288 289 231 51 297 131 29 147 217 83 66
孟优 9 419 5 0 238 237 240 266 167 233 91 85 227 248 41 26
黄皓 11 390 5 0 134 133 136 142 229 75 66 107 178 268 59 205
诸葛亮 8 381 5 0 163 164 165 191 83 276 84 237 66 71 168 232
关羽 10 462 5 0 206 205 208 193 154 123 57 70 77 277 153 40
张飞 8 441 6 0 33 34 31 30 90 81 184 39 14 210 284 57
马超 6 304 6 0 202 201 204 146 164 108 175 72 257 221 246 245
黄忠 6 391 5 0 159 160 161 199 285 115 210 36 111 274 173 4
赵云 7 388 7 0 217 218 215 222 242 157 236 7 55 287 155 203
魏延 12 469 5 0 165 166 163 173 40 256 216 114 186 5 224 251
关平 8 388 6 0 145 146 143 141 37 155 268 34 273 156 226 148
周仓 10 385 5 0 226 225 228 210 270 242 103 171 18 293 145 94
关兴 8 423 6 0 56 55 54 64 29 36 110 37 188 133 223 286
张苞 7 380 6 0 10 9 12 260 160 102 178 31 285 296 167 182
陈到 9 389 6 0 207 208 209 267 268 144 55 17 185 36 150 253
李严 13 541 5 0 69 70 67 49 212 174 183 200 50 114 186 266
姜维 8 451 6 0 109 110 107 157 85 14 172 20 112 142 123 216
廖化 7 391 6 0 180 179 178 152 244 46 181 269 144 59 253 45
马谡 9 477 5 0 122 121 124 129 126 183 87 277 225 21 289 221
马岱 4 320 5 0 295 296 297 76 254 219 191 245 175 118 222 240
陈式 8 452 6 0 153 154 151 138 70 77 265 224 234 58 206 255
雷铜 10 418 5 0 294 293 296 55 92 253 273 76 34 254 67 79
吴兰 9 307 5 0 101 102 99 17 139 71 192 115 221 35 88 96
王平 8 379 6 0 232 231 230 288 149 204 156 285 253 178 197 163
任夔 11 424 6 0 160 159 158 200 10 76 179 26 110 223 248 129
张翼 6 393 6 0 274 273 276 254 73 103 229 13 181 159 148 36
马忠 8 386 7 0 148 147 146 120 112 16 8 41 4 47 274 145
张南 11 371 5 0 170 169 172 178 89 173 190 111 231 177 25 18
冯习 10 429 6 0 291 292 293 235 227 171 44 286 38 276 54 70
傅佥 11 451 6 0 64 63 62 56 236 150 224 233 193 120 213 214
关索 4 431 6 0 173 174 171 165 135 170 260 24 210 140 159 190
陆逊 14 502 5 0 126 125 128 133 122 250 266 265 161 279 209 200
张昭 12 376 5 0 186 185 188 218 269 255 211 5 165 225 69 171
张紘 13 416 5 0 141 142 139 145 224 30 248 290 92 78 112 81
鲁肃 11 446 6 0 289 290 287 233 42 149 152 121 137 169 122 211
虞翻 11 407 6 0 250 249 252 190 39 126 271 2 283 54 1 174
顾雍 11 427 5 0 129 130 127 122 185 154 292 142 42 87 261 160
诸葛谨 13 440 5 0 81 82 79 93 57 33 214 251 209 230 120 141
诸葛恪 10 438 6 0 28 27 26 12 183 203 125 90 61 252 82 172
陆凯 9 357 5 0 293 294 291 43 194 281 17 100 275 226 66 83
骆统 8 333 5 0 104 103 102 48 192 257 286 273 176 29 237 143
周鲂 8 379 5 0 296 295 294 292 128 117 219 55 258 10 13 178
周瑜 7 428 5 0 264 263 262 6 26 119 195 57 151 90 39 48
吕蒙 8 373 6 0 149 150 147 61 232 289 43 4 242 45 244 13
甘宁 8 434 6 0 89 90 87 113 170 15 93 42 105 201 133 82
太史慈 18 521 5 0 200 199 198 160 120 50 256 69 114 136 266 126
程普 13 424 6 0 110 109 112 73 65 182 56 172 160 128 78 120
黄盖 7 359 5 0 72 71 70 24 203 158 18 202 157 219 80 258
韩当 14 530 5 0 50 49 52 70 15 200 213 58 69 224 136 22
周泰 5 375 5 0 167 168 169 175 238 63 272 138 8 80 10 98
蒋钦 5 347 5 0 247 248 249 223 259 116 218 71 19 95 118 191
丁奉 11 494 6 0 5 6 3 216 24 7 21 186 211 165 256 55
徐盛 8 371 6 0 13 14 11 29 121 240 111 274 177 259 296 149
陈武 5 434 5 0 98 97 100 78 174 121 234 228 115 246 105 167
凌操 10 372 5 0 187 188 189 259 231 107 71 127 45 52 55 244
凌统 7 339 5 0 298 297 1 257 116 268 108 9 246 176 157 229
潘璋 13 440 6 0 120 119 118 148 200 239 14 183 223 64 81 110
朱然 13 496 6 0 266 265 268 238 249 161 126 40 256 97 200 69
孙桓 11 430 6 0 90 89 92 85 33 53 161 28 228 264 130 169
马忠 14 444 6 0 114 113 116 117 261 21 6 165 200 69 230 15
孙韶 9 429 5 0 151 152 153 63 137 184 40 214 264 234 14 281
朱桓 14 445 6 0 22 21 24 2 161 162 123 256 265 154 49 50
夏恂 7 383 6 0 182 181 184 214 237 110 285 241 262 117 19 10
周平 8 445 5 0 57 58 55 65 81 213 206 264 284 2 234 33
全琮 12 426 5 0 193 194 191 206 225 272 48 61 64 243 292 54
于诠 11 422 6 0 87 88 89 277 21 190 122 199 15 129 227 78
张角 7 334 6 0 219 220 221 179 63 295 296 229 222 72 191 175
何进 8 440 5 0 284 283 282 272 256 216 70 195 57 228 33 234
董卓 2 307 6 0 164 163 162 192 202 198 75 116 68 240 43 17
袁绍 10 416 5 0 79 80 81 91 76 290 254 242 16 135 278 294
吕布 8 356 5 0 146 145 148 202 147 131 208 83 100 191 44 138
袁术 9 398 5 0 269 270 267 286 186 208 67 180 36 105 132 189
刘表 9 433 6 0 130 129 132 121 277 189 162 223 62 194 90 77
刘璋 8 407 5 0 62 61 64 150 19 39 215 82 130 119 184 30
马腾 9 410 5 0 93 94 91 81 168 181 89 25 30 111 26 268
张鲁 13 456 5 0 128 127 126 116 296 85 243 78 97 110 169 154
韩遂 10 374 6 0 244 243 242 240 180 4 26 74 156 113 149 187
公孙瓒 10 505 5 0 225 226 223 230 193 97 124 161 122 186 162 265
韩馥 5 369 5 0 80 79 78 92 52 8 116 95 241 167 72 75
刘岱 11 466 6 0 3 4 5 297 45 136 38 99 233 49 161 23
王匡 8 374 6 0 73 74 71 110 274 175 76 18 29 218 4 46
张邈 5 346 6 0 191 192 193 163 9 67 295 288 108 146 219 247
孔伷 7 386 5 0 259 260 261 187 247 156 147 178 74 13 71 117
陶谦 8 468 6 0 88 87 86 112 278 212 121 216 195 131 101 115
鲍信 4 383 5 0 47 48 49 103 263 275 86 181 43 148 204 241
桥瑁 8 417 6 0 135 136 137 143 173 263 205 63 133 79 188 16
袁遗 6 401 6 0 60 59 58 52 119 138 54 16 124 63 30 37
孔融 6 396 7 0 262 261 264 270 275 55 85 156 182 46 185 280
张超 8 356 6 0 76 75 74 295 79 160 73 294 288 237 100 260
张杨 12 413 6 0 276 275 274 14 30 163 227 209 26 291 92 38
刘度 10 394 5 0 121 122 119 130 13 98 88 289 41 124 34 282
赵范 6 355 5 0 100 99 98 124 8 185 113 293 146 258 76 9
金旋 9 431 6 0 39 40 41 35 250 62 137 33 2 14 264 283
韩玄 7 410 5 0 111 112 113 278 123 237 13 170 159 93 48 132
张宝 8 342 5 0 29 30 27 13 56 17 150 287 73 104 147 103
张梁 5 334 5 0 118 117 120 125 222 229 253 143 95 295 247 192
程远志 8 429 6 0 27 28 29 11 34 59 198 133 63 174 201 231
邓茂 10 375 5 0 236 235 234 220 64 286 217 227 150 272 171 273
马元义 9 383 6 0 71 72 73 23 31 101 187 247 237 163 259 59
赵弘 10 426 5 0 133 134 131 126 155 84 242 27 135 56 89 53
韩忠 12 421 6 0 292 291 290 296 252 152 129 280 201 183 193 195
孙夏 7 308 6 0 175 176 177 167 253 73 202 32 295 192 267 219
管亥 8 441 5 0 234 233 236 290 199 188 98 77 153 151 57 284
何仪 7 406 6 0 132 131 130 140 172 26 94 59 249 205 269 111
刘辟 10 456 5 0 183 184 185 195 28 122 69 120 169 292 194 162
龚都 10 471 5 0 40 39 38 36 165 215 151 266 279 99 199 206
裴元绍 9 375 6 0 156 155 154 108 188 259 232 262 244 145 113 51
高升 8 433 5 0 231 232 233 287 187 94 11 275 170 281 119 27
张闿 9 366 6 0 66 65 68 58 44 74 134 75 163 8 293 287
韩暹 9 384 5 0 59 60 61 51 105 27 188 132 12 180 134 71
李乐 10 322 5 0 221 222 219 258 243 197 140 255 101 202 21 122
杨奉 6 317 5 0 102 101 104 18 246 10 220 210 240 245 17 222
董承 7 435 6 0 2 1 4 22 272 223 189 250 39 57 228 105
王子服 11 421 6 0 227 228 229 255 291 34 276 236 238 38 87 248
李儒 12 471 6 0 166 165 168 174 189 49 58 211 224 96 265 209
陈宫 8 386 5 0 181 182 179 213 171 93 180 47 274 30 94 197
田丰 8 384 6 0 197 198 195 245 201 221 96 260 83 285 232 181
沮授 12 413 5 0 38 37 40 46 43 20 3 23 291 227 97 276
审配 11 332 6 0 285 286 283 19 159 168 182 232 10 197 208 35
许攸 10 405 5 0 254 253 256 274 295 35 79 92 282 294 84 124
郭图 10 413 6 0 12 11 10 28 210 196 63 230 59 1 85 223
逢纪 5 350 6 0 75 76 77 131 35 134 164 66 116 235 176 80
辛评 8 417 5 0 16 15 14 8 49 148 275 60 79 125 24 135
荀谌 6 410 6 0 280 279 278 252 86 210 185 292 142 249 37 262
辛毗 8 359 5 0 44 43 42 263 66 176 291 45 52 196 146 108
陈登 11 458 6 0 211 212 213 203 190 58 186 166 5 199 214 289
蒯良 12 454 5 0 233 234 231 289 195 238 212 64 3 251 15 11
王累 7 332 5 0 220 219 218 236 273 267 102 192 158 103 288 68
韩胤 11 388 6 0 205 206 203 194 241 283 135 54 20 132 268 134
沮鹄 11 411 5 0 1 2 298 21 61 106 174 278 125 12 250 112
杨弘 12 462 6 0 251 252 253 279 144 41 278 81 271 233 212 165
阎象 9 394 6 0 189 190 187 249 166 130 2 124 172 203 272 269
蒯越 7 428 7 0 105 106 103 161 59 112 261 86 89 269 98 2
伍孚 10 441 6 0 277 278 275 87 130 265 77 122 255 206 216 194
李傕 8 326 6 0 143 144 145 135 103 139 288 118 270 9 245 104
郭汜 8 378 6 0 178 177 180 170 204 179 10 259 134 232 46 296
颜良 8 383 5 0 168 167 166 176 93 285 20 253 218 84 163 106
文丑 12 427 5 0 54 53 56 42 94 61 60 205 230 250 291 193
潘凤 9 373 6 0 208 207 206 268 218 269 146 131 171 267 285 113
俞涉 12 442 5 0 137 138 135 154 151 214 39 123 289 61 172 230
武安国 7 338 5 0 116 115 114 128 298 247 80 164 75 229 258 288
穆顺 10 384 5 0 74 73 76 45 32 66 92 244 259 34 106 242
华雄 4 379 6 0 241 242 239 229 205 25 52 182 80 139 235 47
牛辅 8 358 5 0 108 107 106 156 84 202 298 176 191 83 52 44
张济 7 386 5 0 117 118 115 114 248 296 144 30 113 182 51 259
樊稠 11 376 5 0 31 32 33 281 71 248 45 10 84 65 7 25
胡轸 11 470 6 0 61 62 59 149 1 54 97 193 28 137 99 256
胡车儿 10 434 5 0 70 69 72 50 153 228 284 206 214 213 195 291
李肃 7 337 5 0 288 287 286 232 4 32 143 191 76 147 220 116
高顺 9 441 6 0 215 216 217 20 283 40 62 49 21 77 58 91
张任 4 423 6 0 190 189 192 250 211 87 170 152 82 115 140 173
高览 11 383 5 0 25 26 23 9 53 241 194 93 272 282 170 31
曹性 11 459 6 0 214 213 216 182 184 137 81 151 70 265 211 64
闵纯 10 409 5 0 282 281 284 67 267 51 171 84 254 25 177 121
纪灵 8 395 6 0 249 250 247 189 266 252 19 194 132 280 127 63
马休 11 467 5 0 23 24 25 71 11 99 230 38 278 162 6 3
马铁 9 333 4 0 96 95 94 84 68 192 197 21 131 166 271 101
高览 8 327 5 0 103 104 105 47 143 274 226 257 35 220 270 29
袁谭 10 446 6 0 123 124 125 99 111 206 22 137 152 261 109 212
袁熙 7 337 6 0 229 230 227 241 134 118 274 219 235 116 32 298
袁尚 9 386 6 0 253 254 251 273 175 294 118 168 232 150 180 207
高干 8 301 5 0 246 245 248 198 102 260 115 240 298 98 202 21
麴义 6 430 6 0 152 151 150 180 97 292 289 190 123 82 255 140
吕翔 12 476 6 0 209 210 207 201 136 11 78 276 81 15 126 166
吕旷 11 413 6 0 125 126 123 118 142 82 28 14 1 16 144 290
韩猛 10 377 5 0 273 274 271 253 220 45 294 104 145 239 86 236
淳于琼 11 350 5 0 18 17 20 102 67 83 72 73 226 171 35 170
焦触 8 404 6 0 127 128 129 115 91 95 270 187 107 51 249 24
张南 11 424 6 0 20 19 18 215 14 38 168 109 205 112 91 261
马延 12 441 5 0 230 229 232 225 286 261 23 12 54 81 114 137
雷薄 10 446 5 0 194 193 196 205 293 199 25 249 261 130 183 277
张勋 10 351 5 0 52 51 50 60 80 42 241 155 44 187 108 147
陈纪 9 372 6 0 113 114 111 89 46 222 100 106 117 244 156 208
桥蕤 11 447 5 0 213 214 211 181 228 57 50 15 53 70 64 14
郝萌 8 366 5 0 198 197 200 246 131 164 27 46 17 19 275 297
侯成 9 419 5 0 41 42 39 53 55 251 65 148 121 48 238 144
宋宪 10 364 6 0 86 85 88 34 280 24 47 105 46 275 273 131
魏续 10 474 6 0 271 272 273 283 169 195 250 11 251 212 96 224
成廉 12 458 5 0 243 244 245 239 221 279 128 144 174 193 11 49
蔡瑁 12 424 6 0 195 196 197 183 233 271 264 284 88 216 70 292
张允 8 436 5 0 82 81 84 94 78 125 223 62 190 152 28 89
黄祖 10 454 6 0 162 161 164 106 58 22 130 279 154 23 225 183
苏飞 9 429 6 0 281 282 279 31 245 293 30 239 85 231 283 151
吕公 11 432 5 0 169 170 167 177 271 278 136 119 183 289 128 90
侯选 7 346 6 0 176 175 174 168 235 44 51 108 104 298 75 218
程银 10 353 6 0 131 132 133 75 198 146 287 208 96 88 260 86
李堪 6 423 5 0 37 38 35 26 145 201 106 56 24 188 280 60
张横 10 425 6 0 53 54 51 41 25 90 119 201 213 283 142 133
梁兴 6 380 6 0 4 3 2 275 288 244 196 149 148 94 73 159
成宜 8 373 6 0 46 45 48 38 113 180 36 198 86 262 178 73
马玩 9 451 6 0 58 57 60 66 162 211 166 50 199 153 215 252
杨秋 10 330 6 0 270 269 272 262 226 235 127 258 143 32 103 237
张让 7 351 5 0 257 258 255 298 107 104 35 103 202 222 218 32
赵忠 10 392 5 0 124 123 122 100 223 19 225 189 60 121 63 254
封谞 14 449 5 0 15 16 17 7 50 89 99 213 87 209 233 114
段珪 7 391 5 0 45 46 43 74 3 273 31 44 187 149 203 180
曹节 11 335 5 0 35 36 37 39 75 254 257 157 103 101 18 285
侯览 7 350 5 0 218 217 220 186 208 258 247 222 168 73 257 176
蹇硕 10 388 6 0 65 66 63 57 110 43 41 150 7 31 242 84
程旷 7 353 6 0 258 257 260 221 177 218 32 270 296 100 116 72
夏恽 6 431 5 0 119 120 121 147 60 264 53 169 184 62 231 158
郭胜 8 412 5 0 188 187 186 172 156 234 59 185 56 37 135 177
吕伯奢 8 408 5 0 177 178 175 169 258 142 239 67 13 170 282 188
普净 10 454 5 0 212 211 210 204 69 88 233 136 11 271 251 123
华佗 9 295 5 0 115 116 117 127 297 159 246 101 98 190 158 88
于吉 9 371 5 0 83 84 85 95 163 18 157 146 197 108 287 293
左慈 4 375 5 0 43 44 45 293 38 65 149 8 47 68 164 235
吉平 6 385 6 0 185 186 183 158 129 100 280 188 207 17 262 210
