荀彧 14 613 7 0 171 172 173 139 181 291 282 226 208 18 236 186 31 147
荀攸 13 764 7 0 265 266 263 237 77 277 153 126 22 214 166 225 5 61
贾诩 12 686 7 0 278 277 280 111 88 169 251 1 23 42 79 201 90 283
郭嘉 13 812 6 0 136 135 134 144 209 3 169 212 6 200 50 199 69 256
程昱 8 603 7 0 210 209 212 226 12 280 159 102 173 33 36 185 274 4
戏志才 10 593 7 0 275 276 277 4 262 47 16 231 293 86 198 196 149 260
刘晔 12 731 6 0 11 12 13 27 23 209 231 271 212 6 243 233 161 211
蒋济 15 587 7 0 55 56 57 294 41 262 207 296 217 260 187 5 7 186
陈群 10 615 7 0 155 156 157 107 133 145 34 52 204 106 217 150 259 249
华歆 6 495 7 0 192 191 190 164 104 96 101 220 267 175 68 118 139 95
钟繇 6 644 7 0 17 18 15 101 290 29 293 207 198 185 102 164 190 262
满宠 15 751 6 0 154 153 156 137 206 129 199 252 162 22 279 128 243 6
董昭 11 591 7 0 297 298 295 3 115 287 7 267 32 157 196 198 13 131
王朗 9 616 7 0 203 204 205 211 72 28 42 263 48 189 45 217 207 93
崔琰 9 568 7 0 138 137 140 153 106 60 142 167 51 204 8 146 219 80
毛玠 11 497 6 0 158 157 160 185 95 72 68 140 220 255 115 119 229 122
杜畿 11 660 6 0 26 25 28 37 264 132 244 160 276 85 93 238 254 282
田畴 14 554 7 0 147 148 149 119 146 91 259 235 287 288 29 52 86 171
王修 13 716 7 0 49 50 47 69 16 166 255 215 216 3 22 243 213 214
杨修 8 611 7 0 106 105 108 162 138 1 37 113 94 155 74 168 232 180
辛毗 11 704 7 0 216 215 214 5 255 284 165 88 49 195 277 109 231 153
杨阜 10 613 7 0 36 35 34 40 150 56 46 159 269 207 210 274 180 232
田豫 10 593 6 0 260 259 258 10 7 246 173 197 179 55 131 76 113 275
王粲 11 652 7 0 184 183 182 196 214 151 33 174 119 172 62 67 84 127
蒯越 10 723 6 0 252 251 250 280 292 249 263 154 99 28 77 58 109 212
张继 10 699 7 0 77 78 75 97 265 153 277 234 206 215 252 130 281 89
杜袭 15 769 6 0 279 280 281 251 99 243 112 162 40 126 154 6 200 199
枣祗任峻 6 679 7 0 228 227 226 256 213 70 24 98 90 284 2 19 222 118
陈矫 14 693 6 0 261 262 259 242 114 230 105 283 194 123 129 20 87 137
郗虑 13 667 7 0 223 224 225 247 124 2 82 130 120 160 56 12 125 179
桓玠 10 669 7 0 142 141 144 134 125 177 138 129 280 109 53 42 286 135
丁仪 14 668 6 0 174 173 176 166 98 69 1 184 243 27 179 250 121 85
丁廙 17 680 6 0 97 98 95 77 152 225 61 6 128 266 38 92 141 50
司马朗 13 632 7 0 34 33 36 86 27 227 155 145 294 74 121 85 205 84
韩暨 15 748 7 0 6 5 8 264 48 224 114 97 136 11 23 279 209 154
韦康 8 561 7 0 235 236 237 291 176 270 95 147 229 75 241 43 247 8
邴原 12 710 6 0 172 171 170 188 132 78 109 110 189 184 137 28 70 234
赵俨 8 513 7 0 245 246 243 197 281 9 139 295 140 102 143 202 264 175
娄圭 10 627 6 0 63 64 65 151 219 167 12 135 27 60 124 249 30 168
贾逵 10 674 6 0 201 202 199 209 197 37 283 53 292 89 27 278 16 2
陈琳 8 566 7 0 8 7 6 16 100 80 148 43 167 66 138 204 258 235
司马懿 9 654 7 0 144 143 142 136 251 207 117 243 180 286 125 41 127 264
张辽 13 674 6 0 248 247 246 224 117 31 141 179 78 238 160 227 129 112
徐晃 11 583 6 0 196 195 194 184 240 12 4 204 268 44 297 275 198 157
夏侯惇 8 682 7 0 286 285 288 269 230 236 104 291 290 144 42 56 142 33
夏侯渊 11 468 6 0 140 139 138 132 157 68 221 158 245 173 190 152 255 115
庞德 15 647 6 0 7 8 9 15 260 5 297 217 65 67 31 239 55 38
张郃 14 768 7 0 224 223 222 248 141 6 64 153 166 50 165 271 170 126
李典 15 677 7 0 290 289 292 234 17 79 107 141 286 263 239 125 276 195
乐进 9 487 6 0 68 67 66 32 96 140 158 139 164 43 192 220 115 255
典韦 11 694 6 0 91 92 93 79 127 147 238 112 263 24 20 215 291 57
曹洪 6 606 7 0 19 20 21 285 62 124 249 94 247 198 182 228 4 274
曹仁 8 568 7 0 32 31 30 68 74 288 258 175 297 270 229 257 298 100
曹彰 13 766 7 0 256 255 254 228 284 165 200 22 266 161 5 61 199 136
曹纯 13 743 6 0 99 100 101 123 279 23 15 3 252 40 61 161 183 166
于禁 11 631 7 0 242 241 244 261 217 226 133 79 149 107 65 74 253 269
许褚 9 514 6 0 222 221 224 217 118 113 240 218 219 257 295 102 228 220
吕虔 8 629 7 0 150 149 152 62 36 64 29 65 236 253 207 155 117 217
李通 12 687 6 0 283 284 285 271 215 205 201 261 250 53 281 39 78 278
文聘 12 627 6 0 272 271 270 284 2 193 167 48 25 236 189 263 249 226
臧霸 7 562 7 0 204 203 202 212 178 232 237 196 155 138 47 8 80 173
郭淮 13 673 6 0 179 180 181 219 239 178 160 248 260 92 174 107 38 223
钟会 9 661 7 0 48 47 46 104 6 92 193 272 203 41 111 264 27 39
邓艾 5 551 7 0 95 96 97 83 158 127 235 80 118 247 9 139 75 192
曹休 11 615 6 0 51 52 53 59 287 282 176 268 138 127 117 156 273 163
张燕 11 564 6 0 237 238 235 265 182 111 204 163 71 76 104 270 96 267
张绣 12 605 6 0 94 93 96 82 54 231 132 19 106 4 181 226 236 86
朱灵 8 634 7 0 30 29 32 33 276 141 281 117 93 181 60 62 63 177
路昭 11 620 7 0 263 264 265 44 47 135 252 203 91 290 107 272 197 207
史涣 13 652 6 0 107 108 109 155 257 187 290 134 127 242 263 179 268 1
韩浩 11 569 6 0 157 158 155 109 140 217 83 35 72 297 298 267 29 196
王凌 6 533 6 0 139 140 141 171 101 143 245 68 9 241 240 95 192 295
孙礼 11 631 7 0 24 23 22 72 5 86 228 173 37 91 16 127 145 132
秦朗 8 722 7 0 255 256 257 227 216 186 49 221 277 158 152 153 140 68
郑文 11 648 7 0 268 267 266 208 207 298 145 51 196 134 205 93 107 188
夏侯尚 15 759 7 0 199 200 201 159 234 194 154 87 58 211 40 136 256 279
毌丘俭 17 685 6 0 92 91 90 80 294 48 74 254 141 179 276 97 126 200
诸葛诞 9 530 7 0 9 10 7 25 191 245 267 298 139 143 95 100 103 219
孙乾 13 650 7 0 84 83 82 96 108 133 163 282 31 168 254 65 184 34
简雍 14 669 5 0 85 86 83 90 109 128 262 238 281 26 12 34 239 174
糜竺 13 689 7 0 14 13 16 276 20 109 120 125 33 39 151 213 277 53
糜芳 9 751 6 0 21 22 19 1 87 114 5 96 215 122 221 246 101 231
庞统 12 665 6 0 67 68 69 282 18 191 269 177 239 7 294 184 12 250
法正 12 693 6 0 78 77 80 98 82 172 209 128 248 141 110 87 283 281
许靖 13 673 7 0 112 111 110 88 148 105 279 91 109 20 141 1 41 248
马良 4 544 7 0 240 239 238 244 196 13 222 246 102 164 139 295 164 164
徐庶 14 751 6 0 161 162 159 105 22 266 90 225 126 256 3 99 11 128
陈震 11 555 6 0 267 268 269 207 282 220 9 297 192 208 175 157 104 237
杨仪 16 649 6 0 239 240 241 243 179 120 177 281 67 273 290 7 85 69
费祎 11 669 6 0 42 41 44 54 289 52 203 89 129 278 286 142 238 254
蒋琬 11 604 7 0 287 288 289 231 51 297 131 29 147 217 83 66 244 156
孟优 11 674 7 0 238 237 240 266 167 233 91 85 227 248 41 26 42 27
黄皓 14 633 6 0 134 133 136 142 229 75 66 107 178 268 59 205 250 31
诸葛亮 11 612 6 0 163 164 165 191 83 276 84 237 66 71 168 232 156 51
关羽 11 732 7 0 206 205 208 193 154 123 57 70 77 277 153 40 23 160
张飞 8 689 6 0 33 34 31 30 90 81 184 39 14 210 284 57 89 286
马超 8 502 7 0 202 201 204 146 164 108 175 72 257 221 246 245 191 102
黄忠 9 608 6 0 159 160 161 199 285 115 210 36 111 274 173 4 181 296
赵云 8 633 7 0 217 218 215 222 242 157 236 7 55 287 155 203 98 150
魏延 15 747 6 0 165 166 163 173 40 256 216 114 186 5 224 251 3 15
关平 9 631 7 0 145 146 143 141 37 155 268 34 273 156 226 148 24 111
周仓 12 623 7 0 226 225 228 210 270 242 103 171 18 293 145 94 189 272
关兴 10 686 7 0 56 55 54 64 29 36 110 37 188 133 223 286 82 130
张苞 9 606 6 0 10 9 12 260 160 102 178 31 285 296 167 182 185 198
陈到 11 619 7 0 207 208 209 267 268 144 55 17 185 36 150 253 203 263
李严 15 862 6 0 69 70 67 49 212 174 183 200 50 114 186 266 136 239
姜维 10 721 7 0 109 110 107 157 85 14 172 20 112 142 123 216 252 162
廖化 8 618 7 0 180 179 178 152 244 46 181 269 144 59 253 45 36 106
马谡 10 759 7 0 122 121 124 129 126 183 87 277 225 21 289 221 271 158
马岱 6 502 6 0 295 296 297 76 254 219 191 245 175 118 222 240 167 139
陈式 11 705 6 0 153 154 151 138 70 77 265 224 234 58 206 255 57 216
雷铜 11 687 6 0 294 293 296 55 92 253 273 76 34 254 67 79 151 20
吴兰 12 520 6 0 101 102 99 17 139 71 192 115 221 35 88 96 21 5
王平 10 610 7 0 232 231 230 288 149 204 156 285 253 178 197 163 106 36
任夔 11 705 7 0 160 159 158 200 10 76 179 26 110 223 248 129 28 206
张翼 6 608 6 0 274 273 276 254 73 103 229 13 181 159 148 36 210 19
马忠 9 613 7 0 148 147 146 120 112 16 8 41 4 47 274 145 178 181
张南 13 588 6 0 170 169 172 178 89 173 190 111 231 177 25 18 224 253
冯习 13 692 7 0 291 292 293 235 227 171 44 286 38 276 54 70 91 213
傅佥 13 724 6 0 64 63 62 56 236 150 224 233 193 120 213 214 81 28
关索 7 662 7 0 173 174 171 165 135 170 260 24 210 140 159 190 152 204
陆逊 14 816 6 0 126 125 128 133 122 250 266 265 161 279 209 200 92 224
张昭 15 632 6 0 186 185 188 218 269 255 211 5 165 225 69 171 1 55
张紘 15 683 7 0 141 142 139 145 224 30 248 290 92 78 112 81 97 110
鲁肃 12 714 7 0 289 290 287 233 42 149 152 121 137 169 122 211 123 194
虞翻 12 659 7 0 250 249 252 190 39 126 271 2 283 54 1 174 134 67
顾雍 15 687 7 0 129 130 127 122 185 154 292 142 42 87 261 160 248 81
诸葛谨 15 717 6 0 81 82 79 93 57 33 214 251 209 230 120 141 64 129
诸葛恪 13 692 7 0 28 27 26 12 183 203 125 90 61 252 82 172 160 64
陆凯 12 575 6 0 293 294 291 43 194 281 17 100 275 226 66 83 221 146
骆统 11 539 6 0 104 103 102 48 192 257 286 273 176 29 237 143 267 116
周鲂 9 608 7 0 296 295 294 292 128 117 219 55 258 10 13 178 83 159
周瑜 9 664 6 0 264 263 262 6 26 119 195 57 151 90 39 48 245 144
吕蒙 10 591 7 0 149 150 147 61 232 289 43 4 242 45 244 13 275 72
甘宁 10 692 7 0 89 90 87 113 170 15 93 42 105 201 133 82 33 77
太史慈 22 837 6 0 200 199 198 160 120 50 256 69 114 136 266 126 279 92
程普 15 684 6 0 110 109 112 73 65 182 56 172 160 128 78 120 195 141
黄盖 10 577 6 0 72 71 70 24 203 158 18 202 157 219 80 258 257 149
韩当 16 844 7 0 50 49 52 70 15 200 213 58 69 224 136 22 114 97
周泰 7 584 7 0 167 168 169 175 238 63 272 138 8 80 10 98 295 152
蒋钦 6 550 6 0 247 248 249 223 259 116 218 71 19 95 118 191 235 47
丁奉 11 783 7 0 5 6 3 216 24 7 21 186 211 165 256 55 265 101
徐盛 9 583 7 0 13 14 11 29 121 240 111 274 177 259 296 149 297 185
陈武 8 659 6 0 98 97 100 78 174 121 234 228 115 246 105 167 217 37
凌操 13 616 6 0 187 188 189 259 231 107 71 127 45 52 55 244 124 74
凌统 8 564 7 0 298 297 1 257 116 268 108 9 246 176 157 229 32 258
潘璋 15 729 7 0 120 119 118 148 200 239 14 183 223 64 81 110 15 22
朱然 17 802 6 0 266 265 268 238 249 161 126 40 256 97 200 69 22 114
孙桓 14 684 6 0 90 89 92 85 33 53 161 28 228 264 130 169 278 87
马忠 17 743 7 0 114 113 116 117 261 21 6 165 200 69 230 15 50 266
孙韶 11 673 6 0 151 152 153 63 137 184 40 214 264 234 14 281 294 41
朱桓 15 725 7 0 22 21 24 2 161 162 123 256 265 154 49 50 266 120
夏恂 10 593 7 0 182 181 184 214 237 110 285 241 262 117 19 10 73 46
周平 11 693 7 0 57 58 55 65 81 213 206 264 284 2 234 33 153 91
全琮 12 694 7 0 193 194 191 206 225 272 48 61 64 243 292 54 169 70
于诠 14 678 7 0 87 88 89 277 21 190 122 199 15 129 227 78 261 90
张角 9 537 7 0 219 220 221 179 63 295 296 229 222 72 191 175 138 9
何进 8 685 7 0 284 283 282 272 256 216 70 195 57 228 33 234 2 105
董卓 4 472 7 0 164 163 162 192 202 198 75 116 68 240 43 17 240 240
袁绍 12 670 7 0 79 80 81 91 76 290 254 242 16 135 278 294 292 133
吕布 12 563 6 0 146 145 148 202 147 131 208 83 100 191 44 138 108 293
袁术 11 634 6 0 269 270 267 286 186 208 67 180 36 105 132 189 62 242
刘表 10 695 6 0 130 129 132 121 277 189 162 223 62 194 90 77 234 56
刘璋 11 626 6 0 62 61 64 150 19 39 215 82 130 119 184 30 269 208
马腾 9 648 7 0 93 94 91 81 168 181 89 25 30 111 26 268 132 203
张鲁 14 754 5 0 128 127 126 116 296 85 243 78 97 110 169 154 233 161
韩遂 11 605 7 0 244 243 242 240 180 4 26 74 156 113 149 187 287 178
公孙瓒 12 789 6 0 225 226 223 230 193 97 124 161 122 186 162 265 285 88
韩馥 9 572 6 0 80 79 78 92 52 8 116 95 241 167 72 75 204 138
刘岱 13 737 6 0 3 4 5 297 45 136 38 99 233 49 161 23 165 183
王匡 8 598 7 0 73 74 71 110 274 175 76 18 29 218 4 46 182 44
张邈 6 547 7 0 191 192 193 163 9 67 295 288 108 146 219 247 202 43
孔伷 10 626 7 0 259 260 261 187 247 156 147 178 74 13 71 117 155 60
陶谦 12 733 7 0 88 87 86 112 278 212 121 216 195 131 101 115 162 225
鲍信 6 582 6 0 47 48 49 103 263 275 86 181 43 148 204 241 100 247
桥瑁 10 664 7 0 135 136 137 143 173 263 205 63 133 79 188 16 105 142
袁遗 10 628 6 0 60 59 58 52 119 138 54 16 124 63 30 37 45 259
孔融 6 643 8 0 262 261 264 270 275 55 85 156 182 46 185 280 37 17
张超 10 564 6 0 76 75 74 295 79 160 73 294 288 237 100 260 44 108
张杨 13 675 7 0 276 275 274 14 30 163 227 209 26 291 92 38 290 277
刘度 12 633 7 0 121 122 119 130 13 98 88 289 41 124 34 282 174 65
赵范 8 575 6 0 100 99 98 124 8 185 113 293 146 258 76 9 47 32
金旋 9 681 7 0 39 40 41 35 250 62 137 33 2 14 264 283 215 48
韩玄 9 652 7 0 111 112 113 278 123 237 13 170 159 93 48 132 246 145
张宝 11 553 6 0 29 30 27 13 56 17 150 287 73 104 147 103 157 96
张梁 7 530 6 0 118 117 120 125 222 229 253 143 95 295 247 192 220 228
程远志 11 676 6 0 27 28 29 11 34 59 198 133 63 174 201 231 48 238
邓茂 14 604 6 0 236 235 234 220 64 286 217 227 150 272 171 273 94 270
马元义 12 620 7 0 71 72 73 23 31 101 187 247 237 163 259 59 168 25
赵弘 12 678 6 0 133 134 131 126 155 84 242 27 135 56 89 53 227 79
韩忠 14 679 6 0 292 291 290 296 252 152 129 280 201 183 193 195 79 169
孙夏 8 494 7 0 175 176 177 167 253 73 202 32 295 192 267 219 143 245
管亥 12 698 7 0 234 233 236 290 199 188 98 77 153 151 57 284 130 172
何仪 11 647 6 0 132 131 130 140 172 26 94 59 249 205 269 111 93 24
刘辟 13 732 7 0 183 184 185 195 28 122 69 120 169 292 194 162 99 3
龚都 11 754 7 0 40 39 38 36 165 215 151 266 279 99 199 206 61 58
裴元绍 11 606 6 0 156 155 154 108 188 259 232 262 244 145 113 51 163 287
高升 9 686 7 0 231 232 233 287 187 94 11 275 170 281 119 27 216 21
张闿 12 597 7 0 66 65 68 58 44 74 134 75 163 8 293 287 46 113
韩暹 11 622 6 0 59 60 61 51 105 27 188 132 12 180 134 71 208 197
李乐 12 542 7 0 221 222 219 258 243 197 140 255 101 202 21 122 293 35
杨奉 8 501 6 0 102 101 104 18 246 10 220 210 240 245 17 222 119 202
董承 10 670 6 0 2 1 4 22 272 223 189 250 39 57 228 105 284 201
王子服 12 682 6 0 227 228 229 255 291 34 276 236 238 38 87 248 133 82
李儒 13 748 6 0 166 165 168 174 189 49 58 211 224 96 265 209 251 99
陈宫 9 610 6 0 181 182 179 213 171 93 180 47 274 30 94 197 159 148
田丰 11 622 7 0 197 198 195 245 201 221 96 260 83 285 232 181 263 59
沮授 15 669 6 0 38 37 40 46 43 20 3 23 291 227 97 276 179 7
审配 13 551 6 0 285 286 283 19 159 168 182 232 10 197 208 35 225 271
许攸 11 661 7 0 254 253 256 274 295 35 79 92 282 294 84 124 26 42
郭图 12 667 6 0 12 11 10 28 210 196 63 230 59 1 85 223 67 16
逢纪 7 561 6 0 75 76 77 131 35 134 164 66 116 235 176 80 95 288
辛评 12 660 7 0 16 15 14 8 49 148 275 60 79 125 24 135 201 12
荀谌 10 636 6 0 280 279 278 252 86 210 185 292 142 249 37 262 177 189
辛毗 8 584 7 0 44 43 42 263 66 176 291 45 52 196 146 108 76 73
陈登 12 717 7 0 211 212 213 203 190 58 186 166 5 199 214 289 230 11
蒯良 16 735 6 0 233 234 231 289 195 238 212 64 3 251 15 11 128 54
王累 9 535 5 0 220 219 218 236 273 267 102 192 158 103 288 68 118 222
韩胤 13 632 6 0 205 206 203 194 241 283 135 54 20 132 268 134 34 124
沮鹄 13 660 6 0 1 2 298 21 61 106 174 278 125 12 250 112 186 107
杨弘 15 740 7 0 251 252 253 279 144 41 278 81 271 233 212 165 166 243
阎象 10 632 7 0 189 190 187 249 166 130 2 124 172 203 272 269 226 280
蒯越 8 665 7 0 105 106 103 161 59 112 261 86 89 269 98 2 135 284
伍孚 13 688 6 0 277 278 275 87 130 265 77 122 255 206 216 194 14 276
李傕 10 524 7 0 143 144 145 135 103 139 288 118 270 9 245 104 175 257
郭汜 11 603 7 0 178 177 180 170 204 179 10 259 134 232 46 296 148 244
颜良 10 617 7 0 168 167 166 176 93 285 20 253 218 84 163 106 71 63
文丑 16 695 7 0 54 53 56 42 94 61 60 205 230 250 291 193 137 233
潘凤 11 623 6 0 208 207 206 268 218 269 146 131 171 267 285 113 59 62
俞涉 14 708 6 0 137 138 135 154 151 214 39 123 289 61 172 230 54 261
武安国 11 537 7 0 116 115 114 128 298 247 80 164 75 229 258 288 176 104
穆顺 13 617 6 0 74 73 76 45 32 66 92 244 259 34 106 242 18 187
华雄 4 595 7 0 241 242 239 229 205 25 52 182 80 139 235 47 43 190
牛辅 10 571 6 0 108 107 106 156 84 202 298 176 191 83 52 44 146 76
张济 8 619 7 0 117 118 115 114 248 296 144 30 113 182 51 259 150 45
樊稠 14 623 7 0 31 32 33 281 71 248 45 10 84 65 7 25 171 134
胡轸 13 757 7 0 61 62 59 149 1 54 97 193 28 137 99 256 40 265
胡车儿 12 697 6 0 70 69 72 50 153 228 284 206 214 213 195 291 172 193
李肃 7 540 7 0 288 287 286 232 4 32 143 191 76 147 220 116 218 75
高顺 11 680 6 0 215 216 217 20 283 40 62 49 21 77 58 91 39 125
张任 4 649 6 0 190 189 192 250 211 87 170 152 82 115 140 173 17 241
高览 12 625 6 0 25 26 23 9 53 241 194 93 272 282 170 31 65 71
曹性 13 729 6 0 214 213 216 182 184 137 81 151 70 265 211 64 58 49
闵纯 11 658 6 0 282 281 284 67 267 51 171 84 254 25 177 121 188 26
纪灵 10 624 7 0 249 250 247 189 266 252 19 194 132 280 127 63 272 155
马休 13 744 6 0 23 24 25 71 11 99 230 38 278 162 6 3 206 209
马铁 11 561 6 0 96 95 94 84 68 192 197 21 131 166 271 101 237 29
高览 9 543 7 0 103 104 105 47 143 274 226 257 35 220 270 29 9 176
袁谭 14 705 7 0 123 124 125 99 111 206 22 137 152 261 109 212 289 230
袁熙 9 538 6 0 229 230 227 241 134 118 274 219 235 116 32 298 158 218
袁尚 13 607 6 0 253 254 251 273 175 294 118 168 232 150 180 207 242 170
高干 8 494 6 0 246 245 248 198 102 260 115 240 298 98 202 21 111 119
麴义 7 663 6 0 152 151 150 180 97 292 289 190 123 82 255 140 173 167
吕翔 13 755 6 0 209 210 207 201 136 11 78 276 81 15 126 166 6 23
吕旷 11 677 7 0 125 126 123 118 142 82 28 14 1 16 144 290 223 215
韩猛 11 618 6 0 273 274 271 253 220 45 294 104 145 239 86 236 51 83
淳于琼 11 587 6 0 18 17 20 102 67 83 72 73 226 171 35 170 74 52
焦触 11 657 6 0 127 128 129 115 91 95 270 187 107 51 249 24 144 184
张南 11 681 6 0 20 19 18 215 14 38 168 109 205 112 91 261 53 294
马延 14 721 7 0 230 229 232 225 286 261 23 12 54 81 114 137 211 123
雷薄 12 716 6 0 194 193 196 205 293 199 25 249 261 130 183 277 212 289
张勋 11 583 7 0 52 51 50 60 80 42 241 155 44 187 108 147 131 18
陈纪 12 593 7 0 113 114 111 89 46 222 100 106 117 244 156 208 260 66
桥蕤 13 716 6 0 213 214 211 181 228 57 50 15 53 70 64 14 49 291
郝萌 9 585 7 0 198 197 200 246 131 164 27 46 17 19 275 297 196 10
侯成 11 674 6 0 41 42 39 53 55 251 65 148 121 48 238 144 112 151
宋宪 12 600 6 0 86 85 88 34 280 24 47 105 46 275 273 131 147 94
魏续 12 748 7 0 271 272 273 283 169 195 250 11 251 212 96 224 122 285
成廉 15 738 7 0 243 244 245 239 221 279 128 144 174 193 11 49 154 251
蔡瑁 15 680 7 0 195 196 197 183 233 271 264 284 88 216 70 292 110 290
张允 12 675 7 0 82 81 84 94 78 125 223 62 190 152 28 89 56 227
黄祖 10 718 7 0 162 161 164 106 58 22 130 279 154 23 225 183 88 109
苏飞 12 692 7 0 281 282 279 31 245 293 30 239 85 231 283 151 77 78
吕公 14 686 6 0 169 170 167 177 271 278 136 119 183 289 128 90 193 292
侯选 9 554 6 0 176 175 174 168 235 44 51 108 104 298 75 218 116 103
程银 11 588 7 0 131 132 133 75 198 146 287 208 96 88 260 86 52 297
李堪 8 653 7 0 37 38 35 26 145 201 106 56 24 188 280 60 262 98
张横 13 680 7 0 53 54 51 41 25 90 119 201 213 283 142 133 20 14
梁兴 8 598 7 0 4 3 2 275 288 244 196 149 148 94 73 159 19 210
成宜 10 593 6 0 46 45 48 38 113 180 36 198 86 262 178 73 66 182
马玩 11 714 7 0 58 57 60 66 162 211 166 50 199 153 215 252 214 40
杨秋 14 539 7 0 270 269 272 262 226 235 127 258 143 32 103 237 35 236
张让 10 554 6 0 257 258 255 298 107 104 35 103 202 222 218 32 72 143
赵忠 13 625 6 0 124 123 122 100 223 19 225 189 60 121 63 254 187 205
封谞 15 740 7 0 15 16 17 7 50 89 99 213 87 209 233 114 120 165
段珪 8 623 6 0 45 46 43 74 3 273 31 44 187 149 203 180 60 117
曹节 12 558 6 0 35 36 37 39 75 254 257 157 103 101 18 285 270 221
侯览 9 553 6 0 218 217 220 186 208 258 247 222 168 73 257 176 288 229
蹇硕 12 639 6 0 65 66 63 57 110 43 41 150 7 31 242 84 25 121
程旷 8 567 6 0 258 257 260 221 177 218 32 270 296 100 116 72 8 298
夏恽 7 683 6 0 119 120 121 147 60 264 53 169 184 62 231 158 102 246
郭胜 11 648 6 0 188 187 186 172 156 234 59 185 56 37 135 177 282 268
吕伯奢 8 652 6 0 177 178 175 169 258 142 239 67 13 170 282 188 280 30
普净 10 724 6 0 212 211 210 204 69 88 233 136 11 271 251 123 194 252
华佗 11 499 6 0 115 116 117 127 297 159 246 101 98 190 158 88 68 140
于吉 11 613 6 0 83 84 85 95 163 18 157 146 197 108 287 293 296 273
左慈 6 570 6 0 43 44 45 293 38 65 149 8 47 68 164 235 241 191
吉平 9 604 7 0 185 186 183 158 129 100 280 188 207 17 262 210 10 13
