1 126 200 3 
2 50 22 2 
3 15 114 3 
4 92 97 2 
5 69 266 3 
6 279 6 1 
7 154 128 2 
8 120 110 2 
9 81 141 3 
10 239 7 2 
11 136 199 2 
12 166 209 2 
13 165 251 2 
14 11 233 3 
15 243 49 1 
16 137 230 1 
17 193 54 3 
18 195 292 1 
19 38 276 2 
20 85 34 1 
21 186 171 2 
22 55 5 1 
23 256 61 1 
24 161 99 2 
25 23 3 3 
26 214 64 3 
27 289 211 2 
28 213 14 2 
29 169 90 2 
30 261 20 1 
31 129 160 1 
32 78 87 3 
33 248 227 1 
34 290 125 1 
35 112 1 3 
36 174 250 2 
37 179 107 1 
38 205 134 2 
39 31 25 1 
40 170 18 1 
41 35 285 2 
42 225 265 2 
43 224 271 1 
44 40 206 2 
45 183 162 1 
46 212 123 3 
47 194 277 3 
48 172 28 2 
49 70 291 2 
50 133 53 2 
51 278 201 1 
52 79 294 1 
53 223 12 2 
54 67 184 2 
55 282 121 3 
56 124 254 1 
57 84 65 2 
58 74 242 2 
59 226 94 3 
60 273 236 3 
61 244 187 3 
62 86 131 1 
63 52 147 3 
64 237 270 3 
65 122 221 2 
66 252 58 3 
67 77 130 2 
68 215 91 3 
69 283 39 1 
70 151 281 2 
71 238 26 2 
72 144 41 3 
73 93 268 3 
74 269 189 2 
75 272 263 2 
76 253 207 1 
77 59 71 2 
78 51 156 2 
79 113 208 2 
80 287 66 2 
81 293 83 1 
82 157 267 2 
83 96 101 2 
84 115 88 3 
85 255 153 3 
86 216 109 2 
87 57 33 1 
88 234 284 1 
89 82 89 1 
90 231 27 2 
91 286 56 3 
92 142 42 3 
93 16 135 1 
94 188 177 1 
95 62 30 1 
96 127 24 2 
97 63 249 3 
98 145 148 2 
99 181 197 3 
100 168 106 1 
101 163 232 1 
102 296 178 2 
103 73 46 3 
104 13 149 2 
105 275 196 2 
106 198 297 2 
107 108 44 1 
108 260 76 1 
109 146 138 1 
110 103 29 3 
111 104 143 1 
112 246 21 3 
113 2 105 2 
114 264 48 3 
115 111 132 3 
116 150 155 3 
117 45 180 2 
118 203 217 1 
119 259 117 1 
120 182 10 2 
121 72 258 1 
122 257 32 1 
123 218 176 3 
124 298 229 3 
125 116 288 1 
126 219 175 2 
127 220 68 3 
128 158 119 1 
129 140 152 1 
130 37 60 3 
131 280 262 1 
132 274 36 3 
133 210 185 3 
134 159 4 1 
135 204 8 2 
136 100 9 3 
137 222 102 2 
138 245 202 1 
139 228 19 2 
140 98 167 1 
141 80 75 1 
142 247 191 2 
143 118 192 1 
144 190 173 3 
145 47 241 1 
146 43 235 3 
147 95 139 2 
148 295 240 1 
149 164 17 2 
