荀彧 2 8 1 0 171 172 173 139 181
荀攸 3 9 2 0 265 266 263 237 77
贾诩 4 7 2 0 278 277 280 111 88
郭嘉 4 4 2 0 136 135 134 144 209
程昱 1 13 2 0 210 209 212 226 12
戏志才 1 11 2 0 275 276 277 4 262
刘晔 4 5 0 0 11 12 13 27 23
蒋济 2 8 2 0 55 56 57 294 41
陈群 2 5 2 0 155 156 157 107 133
华歆 2 5 4 0 192 191 190 164 104
钟繇 2 7 2 0 17 18 15 101 290
满宠 3 7 2 0 154 153 156 137 206
董昭 1 5 1 0 297 298 295 3 115
王朗 1 10 1 0 203 204 205 211 72
崔琰 2 9 2 0 138 137 140 153 106
毛玠 0 8 2 0 158 157 160 185 95
杜畿 2 8 2 0 26 25 28 37 264
田畴 2 8 2 0 147 148 149 119 146
王修 2 12 2 0 49 50 47 69 16
杨修 2 9 1 0 106 105 108 162 138
辛毗 3 10 2 0 216 215 214 5 255
杨阜 2 8 2 0 36 35 34 40 150
田豫 2 4 2 0 260 259 258 10 7
王粲 3 8 2 0 184 183 182 196 214
蒯越 2 9 2 0 252 251 250 280 292
张继 3 9 2 0 77 78 75 97 265
杜袭 4 2 1 0 279 280 281 251 99
枣祗任峻 2 10 3 0 228 227 226 256 213
陈矫 4 3 2 0 261 262 259 242 114
郗虑 2 11 1 0 223 224 225 247 124
桓玠 2 10 3 0 142 141 144 134 125
丁仪 3 8 3 0 174 173 176 166 98
丁廙 3 8 2 0 97 98 95 77 152
司马朗 2 9 2 0 34 33 36 86 27
韩暨 4 4 2 0 6 5 8 264 48
韦康 1 9 1 0 235 236 237 291 176
邴原 3 6 3 0 172 171 170 188 132
赵俨 0 8 2 0 245 246 243 197 281
娄圭 1 9 1 0 63 64 65 151 219
贾逵 2 6 2 0 201 202 199 209 197
陈琳 0 12 3 0 8 7 6 16 100
司马懿 2 6 3 0 144 143 142 136 251
张辽 2 5 3 0 248 247 246 224 117
徐晃 1 11 3 0 196 195 194 184 240
夏侯惇 3 4 3 0 286 285 288 269 230
夏侯渊 1 6 3 0 140 139 138 132 157
庞德 2 4 1 0 7 8 9 15 260
张郃 4 4 2 0 224 223 222 248 141
李典 2 7 2 0 290 289 292 234 17
乐进 1 6 3 0 68 67 66 32 96
典韦 1 7 1 0 91 92 93 79 127
曹洪 2 10 1 0 19 20 21 285 62
曹仁 1 8 2 0 32 31 30 68 74
曹彰 4 8 3 0 256 255 254 228 284
曹纯 4 2 1 0 99 100 101 123 279
于禁 2 7 2 0 242 241 244 261 217
许褚 0 12 2 0 222 221 224 217 118
吕虔 2 8 3 0 150 149 152 62 36
李通 3 9 2 0 283 284 285 271 215
文聘 2 10 2 0 272 271 270 284 2
臧霸 2 6 3 0 204 203 202 212 178
郭淮 3 6 0 0 179 180 181 219 239
钟会 4 4 3 0 48 47 46 104 6
邓艾 0 8 1 0 95 96 97 83 158
曹休 2 5 1 0 51 52 53 59 287
张燕 1 10 2 0 237 238 235 265 182
张绣 3 6 3 0 94 93 96 82 54
朱灵 3 5 2 0 30 29 32 33 276
路昭 2 10 1 0 263 264 265 44 47
史涣 2 7 1 0 107 108 109 155 257
韩浩 1 6 3 0 157 158 155 109 140
王凌 0 10 1 0 139 140 141 171 101
孙礼 1 13 3 0 24 23 22 72 5
秦朗 3 11 2 0 255 256 257 227 216
郑文 1 7 3 0 268 267 266 208 207
夏侯尚 2 10 1 0 199 200 201 159 234
毌丘俭 2 7 3 0 92 91 90 80 294
诸葛诞 0 9 1 0 9 10 7 25 191
孙乾 1 8 2 0 84 83 82 96 108
简雍 3 5 1 0 85 86 83 90 109
糜竺 3 6 2 0 14 13 16 276 20
糜芳 3 11 2 0 21 22 19 1 87
庞统 1 8 2 0 67 68 69 282 18
法正 3 8 1 0 78 77 80 98 82
许靖 2 9 3 0 112 111 110 88 148
马良 1 11 3 0 240 239 238 244 196
徐庶 4 8 3 0 161 162 159 105 22
陈震 1 7 1 0 267 268 269 207 282
杨仪 3 6 1 0 239 240 241 243 179
费祎 1 9 2 0 42 41 44 54 289
蒋琬 2 5 1 0 287 288 289 231 51
孟优 3 6 1 0 238 237 240 266 167
黄皓 0 12 1 0 134 133 136 142 229
诸葛亮 2 6 1 0 163 164 165 191 83
关羽 3 7 3 0 206 205 208 193 154
张飞 3 7 2 0 33 34 31 30 90
马超 0 10 3 0 202 201 204 146 164
黄忠 0 12 1 0 159 160 161 199 285
赵云 2 7 1 0 217 218 215 222 242
魏延 4 9 2 0 165 166 163 173 40
关平 2 6 3 0 145 146 143 141 37
周仓 1 10 2 0 226 225 228 210 270
关兴 1 10 3 0 56 55 54 64 29
张苞 2 4 2 0 10 9 12 260 160
陈到 1 8 1 0 207 208 209 267 268
李严 4 7 3 0 69 70 67 49 212
姜维 3 5 2 0 109 110 107 157 85
廖化 1 10 3 0 180 179 178 152 244
马谡 4 6 1 0 122 121 124 129 126
马岱 1 8 2 0 295 296 297 76 254
陈式 2 11 3 0 153 154 151 138 70
雷铜 2 8 2 0 294 293 296 55 92
吴兰 0 9 2 0 101 102 99 17 139
王平 1 9 3 0 232 231 230 288 149
任夔 2 4 3 0 160 159 158 200 10
张翼 1 7 2 0 274 273 276 254 73
马忠 2 9 4 0 148 147 146 120 112
张南 2 10 2 0 170 169 172 178 89
冯习 3 7 1 0 291 292 293 235 227
傅佥 3 6 3 0 64 63 62 56 236
关索 2 11 2 0 173 174 171 165 135
陆逊 4 6 2 0 126 125 128 133 122
张昭 3 5 1 0 186 185 188 218 269
张紘 4 4 2 0 141 142 139 145 224
鲁肃 1 9 2 0 289 290 287 233 42
虞翻 3 10 2 0 250 249 252 190 39
顾雍 2 9 2 0 129 130 127 122 185
诸葛谨 3 10 2 0 81 82 79 93 57
诸葛恪 3 8 3 0 28 27 26 12 183
陆凯 2 9 2 0 293 294 291 43 194
骆统 2 5 3 0 104 103 102 48 192
周鲂 2 7 4 0 296 295 294 292 128
周瑜 2 8 2 0 264 263 262 6 26
吕蒙 1 9 2 0 149 150 147 61 232
甘宁 2 10 1 0 89 90 87 113 170
太史慈 4 5 3 0 200 199 198 160 120
程普 1 9 3 0 110 109 112 73 65
黄盖 1 9 3 0 72 71 70 24 203
韩当 4 6 2 0 50 49 52 70 15
周泰 3 6 1 0 167 168 169 175 238
蒋钦 0 11 1 0 247 248 249 223 259
丁奉 1 13 2 0 5 6 3 216 24
徐盛 1 12 1 0 13 14 11 29 121
陈武 3 8 2 0 98 97 100 78 174
凌操 2 7 0 0 187 188 189 259 231
凌统 0 9 3 0 298 297 1 257 116
潘璋 4 5 3 0 120 119 118 148 200
朱然 3 8 3 0 266 265 268 238 249
孙桓 3 7 3 0 90 89 92 85 33
马忠 4 2 2 0 114 113 116 117 261
孙韶 3 8 2 0 151 152 153 63 137
朱桓 4 8 2 0 22 21 24 2 161
夏恂 1 10 1 0 182 181 184 214 237
周平 3 10 1 0 57 58 55 65 81
全琮 3 6 1 0 193 194 191 206 225
于诠 3 11 2 0 87 88 89 277 21
张角 1 9 1 0 219 220 221 179 63
何进 4 8 4 0 284 283 282 272 256
董卓 0 10 2 0 164 163 162 192 202
袁绍 3 5 1 0 79 80 81 91 76
吕布 2 8 1 0 146 145 148 202 147
袁术 3 5 2 0 269 270 267 286 186
刘表 3 9 2 0 130 129 132 121 277
刘璋 2 10 2 0 62 61 64 150 19
马腾 1 10 2 0 93 94 91 81 168
张鲁 2 7 3 0 128 127 126 116 296
韩遂 1 10 4 0 244 243 242 240 180
公孙瓒 3 6 2 0 225 226 223 230 193
韩馥 0 11 3 0 80 79 78 92 52
刘岱 3 4 1 0 3 4 5 297 45
王匡 1 7 2 0 73 74 71 110 274
张邈 0 9 2 0 191 192 193 163 9
孔伷 0 11 2 0 259 260 261 187 247
陶谦 4 7 2 0 88 87 86 112 278
鲍信 2 10 1 0 47 48 49 103 263
桥瑁 2 11 1 0 135 136 137 143 173
袁遗 2 9 3 0 60 59 58 52 119
孔融 1 11 1 0 262 261 264 270 275
张超 3 4 2 0 76 75 74 295 79
张杨 3 5 2 0 276 275 274 14 30
刘度 1 12 2 0 121 122 119 130 13
赵范 0 13 2 0 100 99 98 124 8
金旋 3 10 2 0 39 40 41 35 250
韩玄 2 8 1 0 111 112 113 278 123
张宝 1 10 2 0 29 30 27 13 56
张梁 0 12 2 0 118 117 120 125 222
程远志 2 9 1 0 27 28 29 11 34
邓茂 3 6 4 0 236 235 234 220 64
马元义 2 6 2 0 71 72 73 23 31
赵弘 2 5 2 0 133 134 131 126 155
韩忠 2 9 3 0 292 291 290 296 252
孙夏 1 6 1 0 175 176 177 167 253
管亥 2 10 2 0 234 233 236 290 199
何仪 3 6 2 0 132 131 130 140 172
刘辟 3 9 1 0 183 184 185 195 28
龚都 4 8 3 0 40 39 38 36 165
裴元绍 1 9 3 0 156 155 154 108 188
高升 2 7 1 0 231 232 233 287 187
张闿 2 7 3 0 66 65 68 58 44
韩暹 2 8 1 0 59 60 61 51 105
李乐 3 3 2 0 221 222 219 258 243
杨奉 1 5 2 0 102 101 104 18 246
董承 2 10 2 0 2 1 4 22 272
王子服 3 7 1 0 227 228 229 255 291
李儒 3 10 1 0 166 165 168 174 189
陈宫 2 8 2 0 181 182 179 213 171
田丰 2 6 1 0 197 198 195 245 201
沮授 2 9 1 0 38 37 40 46 43
审配 0 12 1 0 285 286 283 19 159
许攸 1 8 1 0 254 253 256 274 295
郭图 1 12 2 0 12 11 10 28 210
逢纪 1 10 1 0 75 76 77 131 35
辛评 2 11 3 0 16 15 14 8 49
荀谌 0 14 3 0 280 279 278 252 86
辛毗 2 7 2 0 44 43 42 263 66
陈登 3 10 2 0 211 212 213 203 190
蒯良 3 7 2 0 233 234 231 289 195
王累 1 7 2 0 220 219 218 236 273
韩胤 2 9 2 0 205 206 203 194 241
沮鹄 3 7 1 0 1 2 298 21 61
杨弘 2 7 1 0 251 252 253 279 144
阎象 3 10 2 0 189 190 187 249 166
蒯越 2 8 2 0 105 106 103 161 59
伍孚 3 10 2 0 277 278 275 87 130
李傕 0 10 2 0 143 144 145 135 103
郭汜 2 6 2 0 178 177 180 170 204
颜良 1 10 3 0 168 167 166 176 93
文丑 3 6 2 0 54 53 56 42 94
潘凤 1 7 2 0 208 207 206 268 218
俞涉 3 8 1 0 137 138 135 154 151
武安国 0 9 2 0 116 115 114 128 298
穆顺 1 8 3 0 74 73 76 45 32
华雄 2 9 3 0 241 242 239 229 205
牛辅 1 8 3 0 108 107 106 156 84
张济 2 5 3 0 117 118 115 114 248
樊稠 2 6 1 0 31 32 33 281 71
胡轸 3 7 2 0 61 62 59 149 1
胡车儿 2 11 2 0 70 69 72 50 153
李肃 1 9 3 0 288 287 286 232 4
高顺 3 9 1 0 215 216 217 20 283
张任 3 10 1 0 190 189 192 250 211
高览 2 9 2 0 25 26 23 9 53
曹性 3 8 3 0 214 213 216 182 184
闵纯 1 7 2 0 282 281 284 67 267
纪灵 3 8 2 0 249 250 247 189 266
马休 4 5 1 0 23 24 25 71 11
马铁 1 6 4 0 96 95 94 84 68
高览 0 10 1 0 103 104 105 47 143
袁谭 2 8 2 0 123 124 125 99 111
袁熙 0 12 2 0 229 230 227 241 134
袁尚 1 6 2 0 253 254 251 273 175
高干 1 5 3 0 246 245 248 198 102
麴义 3 8 3 0 152 151 150 180 97
吕翔 4 4 3 0 209 210 207 201 136
吕旷 2 10 2 0 125 126 123 118 142
韩猛 1 7 3 0 273 274 271 253 220
淳于琼 1 8 1 0 18 17 20 102 67
焦触 1 7 2 0 127 128 129 115 91
张南 3 6 3 0 20 19 18 215 14
马延 3 4 2 0 230 229 232 225 286
雷薄 2 9 1 0 194 193 196 205 293
张勋 0 11 2 0 52 51 50 60 80
陈纪 0 12 3 0 113 114 111 89 46
桥蕤 2 10 2 0 213 214 211 181 228
郝萌 1 9 2 0 198 197 200 246 131
侯成 2 8 1 0 41 42 39 53 55
宋宪 0 13 3 0 86 85 88 34 280
魏续 3 8 1 0 271 272 273 283 169
成廉 3 4 1 0 243 244 245 239 221
蔡瑁 3 7 1 0 195 196 197 183 233
张允 3 8 2 0 82 81 84 94 78
黄祖 4 8 2 0 162 161 164 106 58
苏飞 0 9 2 0 281 282 279 31 245
吕公 3 8 1 0 169 170 167 177 271
侯选 1 8 3 0 176 175 174 168 235
程银 1 9 1 0 131 132 133 75 198
李堪 2 6 2 0 37 38 35 26 145
张横 2 9 3 0 53 54 51 41 25
梁兴 1 9 3 0 4 3 2 275 288
成宜 0 12 2 0 46 45 48 38 113
马玩 4 8 2 0 58 57 60 66 162
杨秋 1 10 3 0 270 269 272 262 226
张让 2 7 1 0 257 258 255 298 107
赵忠 2 10 3 0 124 123 122 100 223
封谞 4 6 1 0 15 16 17 7 50
段珪 3 4 2 0 45 46 43 74 3
曹节 1 10 0 0 35 36 37 39 75
侯览 1 7 3 0 218 217 220 186 208
蹇硕 1 9 2 0 65 66 63 57 110
程旷 1 8 3 0 258 257 260 221 177
夏恽 2 10 1 0 119 120 121 147 60
郭胜 1 9 4 0 188 187 186 172 156
吕伯奢 1 8 2 0 177 178 175 169 258
普净 4 7 3 0 212 211 210 204 69
华佗 1 5 1 0 115 116 117 127 297
于吉 2 6 0 0 83 84 85 95 163
左慈 2 9 2 0 43 44 45 293 38
吉平 2 9 3 0 185 186 183 158 129
