荀彧 15 1607 9 0 171 172 173 139 181 291 282 226 208 18 236 186 31 25 188 135 205 197
荀攸 17 1802 9 0 265 266 263 237 77 277 153 126 22 214 166 225 5 199 15 136 11 243
贾诩 15 1662 8 0 278 277 280 111 88 169 251 1 23 42 79 201 90 125 87 195 130 112
郭嘉 18 1896 9 0 136 135 134 144 209 3 169 212 6 200 50 199 69 285 165 265 186 267
程昱 7 1350 8 0 210 209 212 226 12 280 159 102 173 33 36 185 274 19 17 164 241 240
戏志才 16 1460 9 0 275 276 277 4 262 47 16 231 293 86 198 196 149 113 44 148 181 71
刘晔 17 1747 9 0 11 12 13 27 23 209 231 271 212 6 243 233 161 230 81 21 265 99
蒋济 16 1516 9 0 55 56 57 294 41 262 207 296 217 260 187 5 7 31 35 66 170 269
陈群 17 1473 9 0 155 156 157 107 133 145 34 52 204 106 217 150 259 253 296 18 108 273
华歆 11 1202 8 0 192 191 190 164 104 96 101 220 267 175 68 118 139 241 75 202 152 295
钟繇 12 1433 8 0 17 18 15 101 290 29 293 207 198 185 102 164 190 167 210 100 259 298
满宠 19 1850 9 0 154 153 156 137 206 129 199 252 162 22 279 128 243 126 233 120 266 50
董昭 12 1489 9 0 297 298 295 3 115 287 7 267 32 157 196 198 13 149 117 156 173 296
王朗 16 1499 9 0 203 204 205 211 72 28 42 263 48 189 45 217 207 249 253 273 62 177
崔琰 14 1382 9 0 138 137 140 153 106 60 142 167 51 204 8 146 219 72 9 288 298 221
毛玠 15 1263 9 0 158 157 160 185 95 72 68 140 220 255 115 119 229 33 222 56 104 108
杜畿 14 1572 8 0 26 25 28 37 264 132 244 160 276 85 93 238 254 135 286 119 184 48
田畴 14 1439 8 0 147 148 149 119 146 91 259 235 287 288 29 52 86 221 113 237 157 274
王修 19 1704 8 0 49 50 47 69 16 166 255 215 216 3 22 243 213 137 214 141 206 250
杨修 14 1456 9 0 106 105 108 162 138 1 37 113 94 155 74 168 232 63 178 10 73 262
辛毗 14 1634 9 0 216 215 214 5 255 284 165 88 49 195 277 109 231 227 283 112 1 42
杨阜 14 1453 10 0 36 35 34 40 150 56 46 159 269 207 210 274 180 148 73 178 262 181
田豫 15 1476 9 0 260 259 258 10 7 246 173 197 179 55 131 76 113 296 66 249 253 94
王粲 14 1578 9 0 184 183 182 196 214 151 33 174 119 172 62 67 84 65 238 2 26 215
蒯越 16 1723 9 0 252 251 250 280 292 249 263 154 99 28 77 58 109 212 194 214 137 85
张继 17 1670 9 0 77 78 75 97 265 153 277 234 206 215 252 130 281 283 276 291 125 123
杜袭 20 1910 8 0 279 280 281 251 99 243 112 162 40 126 154 6 200 114 128 69 31 15
枣祗任峻 12 1511 9 0 228 227 226 256 213 70 24 98 90 284 2 19 222 152 105 264 117 156
陈矫 17 1697 8 0 261 262 259 242 114 230 105 283 194 123 129 20 87 292 211 277 141 195
郗虑 18 1605 9 0 223 224 225 247 124 2 82 130 120 160 56 12 125 67 65 205 242 121
桓玠 12 1578 8 0 142 141 144 134 125 177 138 129 280 109 53 42 286 48 2 284 264 119
丁仪 18 1657 8 0 174 173 176 166 98 69 1 184 243 27 179 250 121 90 41 169 84 65
丁廙 23 1757 8 0 97 98 95 77 152 225 61 6 128 266 38 92 141 200 114 251 126 31
司马朗 19 1584 9 0 34 33 36 86 27 227 155 145 294 74 121 85 205 134 197 12 25 239
韩暨 20 1802 9 0 6 5 8 264 48 224 114 97 136 11 23 279 209 233 256 161 200 126
韦康 12 1319 8 0 235 236 237 291 176 270 95 147 229 75 241 43 247 298 72 47 80 246
邴原 20 1734 9 0 172 171 170 188 132 78 109 110 189 184 137 28 70 123 289 233 54 64
赵俨 12 1321 9 0 245 246 243 197 281 9 139 295 140 102 143 202 264 222 101 229 288 218
娄圭 12 1527 8 0 63 64 65 151 219 167 12 135 27 60 124 249 30 106 37 295 105 145
贾逵 16 1598 9 0 201 202 199 209 197 37 283 53 292 89 27 278 16 254 82 84 121 127
陈琳 11 1341 8 0 8 7 6 16 100 80 148 43 167 66 138 204 258 218 76 191 220 72
司马懿 13 1583 9 0 144 143 142 136 251 207 117 243 180 286 125 41 127 98 48 57 284 268
张辽 17 1631 8 0 248 247 246 224 117 31 141 179 78 238 160 227 129 87 85 186 82 107
徐晃 14 1426 8 0 196 195 194 184 240 12 4 204 268 44 297 275 198 13 96 285 176 157
夏侯惇 14 1597 8 0 286 285 288 269 230 236 104 291 290 144 42 56 142 231 26 67 215 208
夏侯渊 14 1239 8 0 140 139 138 132 157 68 221 158 245 173 190 152 255 115 33 246 67 225
庞德 19 1618 8 0 7 8 9 15 260 5 297 217 65 67 31 239 55 161 250 121 124 82
张郃 17 1840 9 0 224 223 222 248 141 6 64 153 166 50 165 271 170 35 40 270 199 29
李典 18 1702 8 0 290 289 292 234 17 79 107 141 286 263 239 125 276 85 31 28 133 193
乐进 14 1239 8 0 68 67 66 32 96 140 158 139 164 43 192 220 115 246 281 16 76 5
典韦 12 1637 9 0 91 92 93 79 127 147 238 112 263 24 20 215 291 42 57 39 294 33
曹洪 9 1411 9 0 19 20 21 285 62 124 249 94 247 198 182 228 4 210 159 180 280 100
曹仁 12 1393 8 0 32 31 30 68 74 288 258 175 297 270 229 257 298 103 100 4 204 101
曹彰 19 1791 8 0 256 255 254 228 284 165 200 22 266 161 5 61 199 50 6 243 183 141
曹纯 17 1753 8 0 99 100 101 123 279 23 15 3 252 40 61 161 183 206 21 230 109 11
于禁 16 1546 9 0 242 241 244 261 217 226 133 79 149 107 65 74 253 18 25 124 223 151
许褚 13 1279 9 0 222 221 224 217 118 113 240 218 219 257 295 102 228 245 158 255 72 139
吕虔 14 1518 9 0 150 149 152 62 36 64 29 65 236 253 207 155 117 83 259 59 145 226
李通 19 1654 9 0 283 284 285 271 215 205 201 261 250 53 281 39 78 77 216 85 41 87
文聘 13 1526 8 0 272 271 270 284 2 193 167 48 25 236 189 263 249 269 83 45 93 98
臧霸 14 1362 8 0 204 203 202 212 178 232 237 196 155 138 47 8 80 76 103 101 32 116
郭淮 15 1665 9 0 179 180 181 219 239 178 160 248 260 92 174 107 38 41 42 125 70 153
钟会 14 1556 9 0 48 47 46 104 6 92 193 272 203 41 111 264 27 142 144 33 168 26
邓艾 10 1331 8 0 95 96 97 83 158 127 235 80 118 247 9 139 75 288 43 175 217 47
曹休 17 1510 8 0 51 52 53 59 287 282 176 268 138 127 117 156 273 178 168 253 74 66
张燕 17 1429 8 0 237 238 235 265 182 111 204 163 71 76 104 270 96 146 149 147 13 143
张绣 15 1524 8 0 94 93 96 82 54 231 132 19 106 4 181 226 236 163 71 24 98 260
朱灵 14 1484 8 0 30 29 32 33 276 141 281 117 93 181 60 62 63 59 207 46 249 232
路昭 13 1533 9 0 263 264 265 44 47 135 252 203 91 290 107 272 197 24 62 269 132 284
史涣 17 1635 7 0 107 108 109 155 257 187 290 134 127 242 263 179 268 188 27 254 20 248
韩浩 14 1429 8 0 157 158 155 109 140 217 83 35 72 297 298 267 29 73 13 103 147 196
王凌 13 1274 9 0 139 140 141 171 101 143 245 68 9 241 240 95 192 220 202 118 191 222
孙礼 14 1463 9 0 24 23 22 72 5 86 228 173 37 91 16 127 145 263 156 94 244 46
秦朗 12 1645 9 0 255 256 257 227 216 186 49 221 277 158 152 153 140 109 284 222 295 194
郑文 13 1601 8 0 268 267 266 208 207 298 145 51 196 134 205 93 107 197 135 282 231 144
夏侯尚 17 1822 9 0 199 200 201 159 234 194 154 87 58 211 40 136 256 265 209 287 224 165
毌丘俭 18 1712 8 0 92 91 90 80 294 48 74 254 141 179 276 97 126 64 137 110 28 213
诸葛诞 16 1376 8 0 9 10 7 25 191 245 267 298 139 143 95 100 103 176 138 5 115 257
孙乾 16 1665 9 0 84 83 82 96 108 133 163 282 31 168 254 65 184 250 1 201 174 277
简雍 16 1698 9 0 85 86 83 90 109 128 262 238 281 26 12 34 239 290 248 283 277 252
糜竺 16 1667 8 0 14 13 16 276 20 109 120 125 33 39 151 213 277 169 79 90 42 57
糜芳 15 1707 9 0 21 22 19 1 87 114 5 96 215 122 221 246 101 271 99 11 281 88
庞统 11 1635 9 0 67 68 69 282 18 191 269 177 239 7 294 184 12 223 112 286 140 217
法正 14 1760 8 0 78 77 80 98 82 172 209 128 248 141 110 87 283 153 213 81 214 23
许靖 15 1627 9 0 112 111 110 88 148 105 279 91 109 20 141 1 41 27 67 216 238 278
马良 7 1293 9 0 240 239 238 244 196 13 222 246 102 164 139 295 43 164 241 247 75 210
徐庶 20 1789 8 0 161 162 159 105 22 266 90 225 126 256 3 99 11 7 243 6 213 251
陈震 19 1385 8 0 267 268 269 207 282 220 9 297 192 208 175 157 104 29 270 122 113 136
杨仪 19 1615 9 0 239 240 241 243 179 120 177 281 67 273 290 7 85 186 38 79 87 34
费祎 14 1635 8 0 42 41 44 54 289 52 203 89 129 278 286 142 238 91 179 20 14 216
蒋琬 18 1508 8 0 287 288 289 231 51 297 131 29 147 217 83 66 244 96 285 199 236 35
孟优 17 1590 9 0 238 237 240 266 167 233 91 85 227 248 41 26 42 127 184 1 112 20
黄皓 17 1575 8 0 134 133 136 142 229 75 66 107 178 268 59 205 250 34 187 25 12 189
诸葛亮 18 1517 8 0 163 164 165 191 83 276 84 237 66 71 168 232 156 94 170 236 131 86
关羽 17 1749 8 0 206 205 208 193 154 123 57 70 77 277 153 40 23 99 3 183 49 211
张飞 12 1584 9 0 33 34 31 30 90 81 184 39 14 210 284 57 89 158 140 48 16 91
马超 9 1297 8 0 202 201 204 146 164 108 175 72 257 221 246 245 191 102 139 192 43 167
黄忠 10 1415 9 0 159 160 161 199 285 115 210 36 111 274 173 4 181 182 19 185 37 259
赵云 11 1558 9 0 217 218 215 222 242 157 236 7 55 287 155 203 98 262 190 102 95 67
魏延 17 1835 8 0 165 166 163 173 40 256 216 114 186 5 224 251 3 209 136 50 233 199
关平 12 1526 9 0 145 146 143 141 37 155 268 34 273 156 226 148 24 132 98 117 150 63
周仓 14 1494 9 0 226 225 228 210 270 242 103 171 18 293 145 94 189 74 59 62 71 150
关兴 14 1699 8 0 56 55 54 64 29 36 110 37 188 133 223 286 82 89 227 158 194 162
张苞 12 1459 8 0 10 9 12 260 160 102 178 31 285 296 167 182 185 244 232 106 148 44
陈到 14 1490 8 0 207 208 209 267 268 144 55 17 185 36 150 253 203 45 30 244 232 249
李严 19 2021 9 0 69 70 67 49 212 174 183 200 50 114 186 266 136 128 236 279 86 38
姜维 15 1692 8 0 109 110 107 157 85 14 172 20 112 142 123 216 252 255 160 209 99 70
廖化 11 1432 9 0 180 179 178 152 244 46 181 269 144 59 253 45 36 274 198 19 185 60
马谡 14 1808 9 0 122 121 124 129 126 183 87 277 225 21 289 221 271 23 61 267 143 146
马岱 11 1213 8 0 295 296 297 76 254 219 191 245 175 118 222 240 167 111 102 63 255 192
陈式 15 1675 8 0 153 154 151 138 70 77 265 224 234 58 206 255 57 78 20 294 291 179
雷铜 14 1655 8 0 294 293 296 55 92 253 273 76 34 254 67 79 151 130 39 153 91 1
吴兰 12 1371 8 0 101 102 99 17 139 71 192 115 221 35 88 96 21 143 245 204 47 32
王平 14 1483 9 0 232 231 230 288 149 204 156 285 253 178 197 163 106 181 10 60 207 30
任夔 13 1692 9 0 160 159 158 200 10 76 179 26 110 223 248 129 28 70 109 89 246 209
张翼 14 1429 9 0 274 273 276 254 73 103 229 13 181 159 148 36 210 180 4 182 44 147
马忠 14 1448 9 0 148 147 146 120 112 16 8 41 4 47 274 145 178 36 181 275 10 149
张南 18 1509 9 0 170 169 172 178 89 173 190 111 231 177 25 18 224 236 163 71 55 131
冯习 15 1676 8 0 291 292 293 235 227 171 44 286 38 276 54 70 91 277 169 77 153 58
傅佥 20 1741 9 0 64 63 62 56 236 150 224 233 193 120 213 214 81 92 22 54 251 172
关索 10 1464 9 0 173 174 171 165 135 170 260 24 210 140 159 190 152 280 262 259 297 4
陆逊 21 2016 8 0 126 125 128 133 122 250 266 265 161 279 209 200 92 154 110 114 97 6
张昭 21 1585 8 0 186 185 188 218 269 255 211 5 165 225 69 171 1 239 86 248 136 200
张紘 19 1707 9 0 141 142 139 145 224 30 248 290 92 78 112 81 97 38 292 49 261 256
鲁肃 16 1738 8 0 289 290 287 233 42 149 152 121 137 169 122 211 123 81 172 53 193 214
虞翻 19 1666 9 0 250 249 252 190 39 126 271 2 283 54 1 174 134 84 7 41 195 49
顾雍 17 1695 9 0 129 130 127 122 185 154 292 142 42 87 261 160 248 195 28 211 123 125
诸葛谨 16 1748 9 0 81 82 79 93 57 33 214 251 209 230 120 141 64 289 11 78 3 271
诸葛恪 20 1702 9 0 28 27 26 12 183 203 125 90 61 252 82 172 160 193 129 290 92 54
陆凯 15 1412 8 0 293 294 291 43 194 281 17 100 275 226 66 83 221 108 225 113 270 13
骆统 13 1399 8 0 104 103 102 48 192 257 286 273 176 29 237 143 267 116 218 76 158 185
周鲂 12 1493 8 0 296 295 294 292 128 117 219 55 258 10 13 178 83 260 155 262 190 297
周瑜 14 1542 8 0 264 263 262 6 26 119 195 57 151 90 39 48 245 105 177 228 142 135
吕蒙 14 1438 9 0 149 150 147 61 232 289 43 4 242 45 244 13 275 297 237 73 198 148
甘宁 13 1669 9 0 89 90 87 113 170 15 93 42 105 201 133 82 33 56 130 160 58 227
太史慈 24 2023 8 0 200 199 198 160 120 50 256 69 114 136 266 126 279 97 54 128 6 186
程普 22 1693 9 0 110 109 112 73 65 182 56 172 160 128 78 120 195 22 126 92 38 114
黄盖 11 1384 8 0 72 71 70 24 203 158 18 202 157 219 80 258 257 138 235 146 222 8
韩当 19 1994 8 0 50 49 52 70 15 200 213 58 69 224 136 22 114 256 266 165 35 154
周泰 9 1346 8 0 167 168 169 175 238 63 272 138 8 80 10 98 295 17 247 220 102 202
蒋钦 9 1308 8 0 247 248 249 223 259 116 218 71 19 95 118 191 235 190 167 240 258 102
丁奉 13 1856 9 0 5 6 3 216 24 7 21 186 211 165 256 55 265 270 271 9 225 68
徐盛 15 1418 8 0 13 14 11 29 121 240 111 274 177 259 296 149 297 196 157 108 237 293
陈武 13 1501 9 0 98 97 100 78 174 121 234 228 115 246 105 167 217 144 145 93 94 272
凌操 16 1555 9 0 187 188 189 259 231 107 71 127 45 52 55 244 124 208 134 197 269 282
凌统 12 1413 9 0 298 297 1 257 116 268 108 9 246 176 157 229 32 235 185 198 138 17
潘璋 19 1817 9 0 120 119 118 148 200 239 14 183 223 64 81 110 15 3 251 154 243 233
朱然 21 1981 8 0 266 265 268 238 249 161 126 40 256 97 200 69 22 54 50 31 154 128
孙桓 16 1672 10 0 90 89 92 85 33 53 161 28 228 264 130 169 278 174 125 14 276 234
马忠 25 1851 8 0 114 113 116 117 261 21 6 165 200 69 230 15 50 279 97 126 128 110
孙韶 16 1571 8 0 151 152 153 63 137 184 40 214 264 234 14 281 294 82 282 208 135 242
朱桓 18 1819 8 0 22 21 24 2 161 162 123 256 265 154 49 50 266 110 64 15 166 40
夏恂 12 1418 9 0 182 181 184 214 237 110 285 241 262 117 19 10 73 159 46 274 4 198
周平 16 1602 9 0 57 58 55 65 81 213 206 264 284 2 234 33 153 39 91 144 27 14
全琮 18 1700 8 0 193 194 191 206 225 272 48 61 64 243 292 54 169 28 70 234 289 290
于诠 19 1658 8 0 87 88 89 277 21 190 122 199 15 129 227 78 261 248 278 133 239 283
张角 14 1313 9 0 219 220 221 179 63 295 296 229 222 72 191 175 138 118 246 176 257 288
何进 13 1566 8 0 284 283 282 272 256 216 70 195 57 228 33 234 2 119 255 142 144 263
董卓 10 1094 8 0 164 163 162 192 202 198 75 116 68 240 43 17 241 240 152 210 100 80
袁绍 16 1613 9 0 79 80 81 91 76 290 254 242 16 135 278 294 292 20 14 239 65 39
吕布 15 1397 9 0 146 145 148 202 147 131 208 83 100 191 44 138 108 237 176 72 103 122
袁术 16 1530 8 0 269 270 267 286 186 208 67 180 36 105 132 189 62 272 74 263 187 55
刘表 17 1651 9 0 130 129 132 121 277 189 162 223 62 194 90 77 234 294 89 227 278 41
刘璋 14 1524 8 0 62 61 64 150 19 39 215 82 130 119 184 30 269 189 263 226 203 59
马腾 15 1531 7 0 93 94 91 81 168 181 89 25 30 111 26 268 132 177 189 98 272 74
张鲁 21 1902 9 0 128 127 126 116 296 85 243 78 97 110 169 154 233 69 279 200 114 266
韩遂 14 1470 9 0 244 243 242 240 180 4 26 74 156 113 149 187 287 10 52 207 24 18
公孙瓒 13 1842 9 0 225 226 223 230 193 97 124 161 122 186 162 265 285 61 293 271 5 140
韩馥 10 1312 8 0 80 79 78 92 52 8 116 95 241 167 72 75 204 100 220 218 235 164
刘岱 18 1747 8 0 3 4 5 297 45 136 38 99 233 49 161 23 165 120 206 40 81 137
王匡 12 1460 9 0 73 74 71 110 274 175 76 18 29 218 4 46 182 157 36 149 106 190
张邈 13 1318 9 0 191 192 193 163 9 67 295 288 108 146 219 247 202 258 118 8 139 103
孔伷 10 1471 9 0 259 260 261 187 247 156 147 178 74 13 71 117 155 60 150 173 17 159
陶谦 15 1727 9 0 88 87 86 112 278 212 121 216 195 131 101 115 162 213 23 61 209 21
鲍信 10 1364 8 0 47 48 49 103 263 275 86 181 43 148 204 241 100 117 258 235 101 95
桥瑁 14 1566 8 0 135 136 137 143 173 263 205 63 133 79 188 16 105 26 268 171 151 264
袁遗 11 1466 8 0 60 59 58 52 119 138 54 16 124 63 30 37 45 259 249 232 178 180
孔融 14 1458 8 0 262 261 264 270 275 55 85 156 182 46 185 280 37 217 173 296 36 106
张超 14 1353 7 0 76 75 74 295 79 160 73 294 288 237 100 260 44 204 8 104 68 229
张杨 18 1677 8 0 276 275 274 14 30 163 227 209 26 291 92 38 290 133 77 70 90 292
刘度 18 1625 8 0 121 122 119 130 13 98 88 289 41 124 34 282 174 1 12 7 201 223
赵范 9 1392 9 0 100 99 98 124 8 185 113 293 146 258 76 9 47 80 32 17 164 19
金旋 16 1643 8 0 39 40 41 35 250 62 137 33 2 14 264 283 215 57 294 91 254 79
韩玄 11 1531 8 0 111 112 113 278 123 237 13 170 159 93 48 132 246 295 119 37 45 280
张宝 18 1424 8 0 29 30 27 13 56 17 150 287 73 104 147 103 157 267 257 221 230 224
张梁 11 1321 8 0 118 117 120 125 222 229 253 143 95 295 247 192 220 219 191 139 175 16
程远志 14 1639 8 0 27 28 29 11 34 59 198 133 63 174 201 231 48 112 107 65 57 254
邓茂 18 1497 8 0 236 235 234 220 64 286 217 227 150 272 171 273 94 170 69 163 287 285
马元义 16 1477 8 0 71 72 73 23 31 101 187 247 237 163 259 59 168 156 94 170 226 275
赵弘 20 1690 8 0 133 134 131 126 155 84 242 27 135 56 89 53 227 276 195 87 290 169
韩忠 18 1670 9 0 292 291 290 296 252 152 129 280 201 183 193 195 79 261 141 38 169 276
孙夏 11 1271 9 0 175 176 177 167 253 73 202 32 295 192 267 219 143 37 288 95 118 105
管亥 16 1687 9 0 234 233 236 290 199 188 98 77 153 151 57 284 130 53 58 193 162 90
何仪 15 1546 9 0 132 131 130 140 172 26 94 59 249 205 269 111 93 145 208 83 263 188
刘辟 17 1750 8 0 183 184 185 195 28 122 69 120 169 292 194 162 99 214 166 206 256 53
龚都 18 1796 9 0 40 39 38 36 165 215 151 266 279 99 199 206 61 166 224 3 15 22
裴元绍 12 1526 8 0 156 155 154 108 188 259 232 262 244 145 113 51 163 71 24 297 59 228
高升 15 1612 8 0 231 232 233 287 187 94 11 275 170 281 119 27 216 286 16 215 268 205
张闿 17 1509 9 0 66 65 68 58 44 74 134 75 163 8 293 287 46 131 260 55 273 51
韩暹 14 1509 9 0 59 60 61 51 105 27 188 132 12 180 134 71 208 30 226 150 156 62
李乐 14 1388 8 0 221 222 219 258 243 197 140 255 101 202 21 122 293 147 108 29 96 138
杨奉 9 1185 9 0 102 101 104 18 246 10 220 210 240 245 17 222 119 202 295 217 167 247
董承 12 1544 9 0 2 1 4 22 272 223 189 250 39 57 228 105 284 282 142 184 119 168
王子服 13 1688 9 0 227 228 229 255 291 34 276 236 238 38 87 248 133 216 56 130 212 89
李儒 16 1789 9 0 166 165 168 174 189 49 58 211 224 96 265 209 251 40 183 23 22 270
陈宫 14 1455 9 0 181 182 179 213 171 93 180 47 274 30 94 197 159 232 148 52 275 36
田丰 15 1559 10 0 197 198 195 245 201 221 96 260 83 285 232 181 263 268 34 187 189 171
沮授 20 1657 8 0 38 37 40 46 43 20 3 23 291 227 97 276 179 141 239 292 110 69
审配 18 1435 9 0 285 286 283 19 159 168 182 232 10 197 208 35 225 136 287 196 52 236
许攸 14 1644 8 0 254 253 256 274 295 35 79 92 282 294 84 124 26 201 215 107 39 27
郭图 19 1567 8 0 12 11 10 28 210 196 63 230 59 1 85 223 67 205 121 34 134 124
逢纪 8 1382 10 0 75 76 77 131 35 134 164 66 116 235 176 80 95 43 192 241 240 152
辛评 10 1600 9 0 16 15 14 8 49 148 275 60 79 125 24 135 201 215 231 68 33 118
荀谌 11 1501 9 0 280 279 278 252 86 210 185 292 142 249 37 262 177 173 45 190 19 111
辛毗 12 1458 8 0 44 43 42 263 66 176 291 45 52 196 146 108 76 198 275 96 274 10
陈登 17 1707 9 0 211 212 213 203 190 58 186 166 5 199 214 289 230 243 261 129 53 206
蒯良 19 1843 8 0 233 234 231 289 195 238 212 64 3 251 15 11 128 6 154 172 165 120
王累 11 1336 9 0 220 219 218 236 273 267 102 192 158 103 288 68 118 139 80 167 8 43
韩胤 15 1611 9 0 205 206 203 194 241 283 135 54 20 132 268 134 34 12 127 223 171 231
沮鹄 14 1648 8 0 1 2 298 21 61 106 174 278 125 12 250 112 186 121 84 238 216 294
杨弘 20 1795 7 0 251 252 253 279 144 41 278 81 271 233 212 165 166 15 120 97 64 161
阎象 17 1567 9 0 189 190 187 249 166 130 2 124 172 203 272 269 226 62 93 127 197 134
蒯越 10 1550 9 0 105 106 103 161 59 112 261 86 89 269 98 2 135 264 228 152 63 175
伍孚 16 1671 8 0 277 278 275 87 130 265 77 122 255 206 216 194 14 291 53 261 85 84
李傕 17 1330 9 0 143 144 145 135 103 139 288 118 270 9 245 104 175 101 116 115 122 237
郭汜 13 1465 9 0 178 177 180 170 204 179 10 259 134 232 46 296 148 51 106 36 60 45
颜良 12 1543 10 0 168 167 166 176 93 285 20 253 218 84 163 106 71 273 51 177 48 2
文丑 20 1712 9 0 54 53 56 42 94 61 60 205 230 250 291 193 137 266 200 64 172 28
潘凤 14 1576 9 0 208 207 206 268 218 269 146 131 171 267 285 113 59 187 132 151 177 286
俞涉 18 1743 9 0 137 138 135 154 151 214 39 123 289 61 172 230 54 49 92 213 252 3
武安国 14 1354 9 0 116 115 114 128 298 247 80 164 75 229 258 288 176 104 143 257 218 204
穆顺 15 1525 8 0 74 73 76 45 32 66 92 244 259 34 106 242 18 226 269 131 51 93
华雄 7 1382 8 0 241 242 239 229 205 25 52 182 80 139 235 47 164 192 240 75 210 258
牛辅 15 1424 9 0 108 107 106 156 84 202 298 176 191 83 52 44 146 293 221 13 155 158
张济 10 1495 9 0 117 118 115 114 248 296 144 30 113 182 51 259 150 47 297 145 228 37
樊稠 21 1584 8 0 31 32 33 281 71 248 45 10 84 65 7 25 171 55 290 266 279 97
胡轸 15 1799 8 0 61 62 59 149 1 54 97 193 28 137 99 256 40 225 122 88 229 230
胡车儿 15 1680 9 0 70 69 72 50 153 228 284 206 214 213 195 291 172 160 193 276 179 109
李肃 14 1329 8 0 288 287 286 232 4 32 143 191 76 147 220 116 218 95 175 138 245 219
高顺 14 1610 8 0 215 216 217 20 283 40 62 49 21 77 58 91 39 16 254 231 286 184
张任 12 1484 9 0 190 189 192 250 211 87 170 152 82 115 140 173 17 247 217 280 296 73
高览 17 1552 8 0 25 26 23 9 53 241 194 93 272 282 170 31 65 171 242 134 34 83
曹性 16 1732 9 0 214 213 216 182 184 137 81 151 70 265 211 64 58 183 49 252 78 289
闵纯 16 1598 8 0 282 281 284 67 267 51 171 84 254 25 177 121 188 2 151 268 127 187
纪灵 14 1479 9 0 249 250 247 189 266 252 19 194 132 280 127 63 272 203 60 260 30 207
马休 14 1776 8 0 23 24 25 71 11 99 230 38 278 162 6 3 206 122 88 166 271 78
马铁 16 1453 9 0 96 95 94 84 68 192 197 21 131 166 271 101 237 287 196 44 221 52
高览 13 1395 8 0 103 104 105 47 143 274 226 257 35 220 270 29 9 32 204 157 146 191
袁谭 17 1696 8 0 123 124 125 99 111 206 22 137 152 261 109 212 289 172 230 162 129 77
袁熙 14 1339 8 0 229 230 227 241 134 118 274 219 235 116 32 298 158 257 115 245 61 76
袁尚 17 1500 8 0 253 254 251 273 175 294 118 168 232 150 180 207 242 155 203 51 260 113
高干 12 1278 8 0 246 245 248 198 102 260 115 240 298 98 202 21 111 68 219 140 160 235
麴义 8 1538 9 0 152 151 150 180 97 292 289 190 123 82 255 140 173 228 164 105 192 75
吕翔 13 1782 8 0 209 210 207 201 136 11 78 276 81 15 126 166 6 165 199 109 88 160
吕旷 17 1659 9 0 125 126 123 118 142 82 28 14 1 16 144 290 223 278 90 179 77 129
韩猛 17 1534 8 0 273 274 271 253 220 45 294 104 145 239 86 236 51 168 124 203 66 155
淳于琼 14 1478 9 0 18 17 20 102 67 83 72 73 226 171 35 170 74 242 131 155 46 244
焦触 16 1599 8 0 127 128 129 115 91 95 270 187 107 51 249 24 144 238 205 189 282 201
张南 17 1622 8 0 20 19 18 215 14 38 168 109 205 112 91 261 53 79 153 42 107 238
马延 15 1767 9 0 230 229 232 225 286 261 23 12 54 81 114 137 211 11 123 99 29 61
雷薄 12 1707 8 0 194 193 196 205 293 199 25 249 261 130 183 277 212 58 252 281 56 255
张勋 16 1459 8 0 52 51 50 60 80 42 241 155 44 187 108 147 131 46 244 181 285 96
陈纪 17 1445 8 0 113 114 111 89 46 222 100 106 117 244 156 208 260 275 147 293 267 253
桥蕤 18 1733 8 0 213 214 211 181 228 57 50 15 53 70 64 14 49 88 78 137 161 92
郝萌 12 1435 8 0 198 197 200 246 131 164 27 46 17 19 275 297 196 44 180 298 149 182
侯成 17 1657 8 0 41 42 39 53 55 251 65 148 121 48 238 144 112 179 174 250 283 130
宋宪 18 1526 7 0 86 85 88 34 280 24 47 105 46 275 273 131 147 124 186 35 69 163
魏续 16 1758 8 0 271 272 273 283 169 195 250 11 251 212 96 224 122 21 5 225 23 81
成廉 17 1812 8 0 243 244 245 239 221 279 128 144 174 193 11 49 154 211 161 256 120 265
蔡瑁 17 1685 8 0 195 196 197 183 233 271 264 284 88 216 70 292 110 129 133 278 250 261
张允 19 1587 8 0 82 81 84 94 78 125 223 62 190 152 28 89 56 151 201 188 248 7
黄祖 14 1693 9 0 162 161 164 106 58 22 130 279 154 23 225 183 88 281 212 123 234 56
苏飞 15 1698 8 0 281 282 279 31 245 293 30 239 85 231 283 151 77 162 68 194 21 212
吕公 20 1676 8 0 169 170 167 177 271 278 136 119 183 289 128 90 193 14 291 174 292 133
侯选 16 1367 8 0 176 175 174 168 235 44 51 108 104 298 75 218 116 9 146 219 196 115
程银 18 1516 9 0 131 132 133 75 198 146 287 208 96 88 260 86 52 66 18 74 163 170
李堪 10 1508 8 0 37 38 35 26 145 201 106 56 24 188 280 60 262 175 63 111 159 117
张横 17 1708 9 0 53 54 51 41 25 90 119 201 213 283 142 133 20 234 277 289 211 183
梁兴 10 1413 10 0 4 3 2 275 288 244 196 149 148 94 73 159 19 185 274 32 182 173
成宜 14 1477 8 0 46 45 48 38 113 180 36 198 86 262 178 73 66 52 182 30 18 24
马玩 15 1670 9 0 58 57 60 66 162 211 166 50 199 153 215 252 214 194 234 212 89 291
杨秋 17 1402 8 0 270 269 272 262 226 235 127 258 143 32 103 237 35 5 267 224 293 166
张让 16 1343 9 0 257 258 255 298 107 104 35 103 202 222 218 32 72 229 29 116 219 9
赵忠 19 1522 8 0 124 123 122 100 223 19 225 189 60 121 63 254 187 86 273 242 7 12
封谞 20 1801 9 0 15 16 17 7 50 89 99 213 87 209 233 114 120 251 265 22 40 279
段珪 13 1505 8 0 45 46 43 74 3 273 31 44 187 149 203 180 60 207 280 272 111 178
曹节 18 1426 8 0 35 36 37 39 75 254 257 157 103 101 18 285 270 224 55 86 50 287
侯览 12 1326 9 0 218 217 220 186 208 258 247 222 168 73 257 176 288 8 104 80 116 245
蹇硕 18 1635 8 0 65 66 63 57 110 43 41 150 7 31 242 84 25 184 223 27 79 174
程旷 7 1365 9 0 258 257 260 221 177 218 32 270 296 100 116 72 8 191 47 43 247 241
夏恽 12 1562 9 0 119 120 121 147 60 264 53 169 184 62 231 158 102 284 111 26 2 142
郭胜 15 1565 8 0 188 187 186 172 156 234 59 185 56 37 135 177 282 107 171 82 83 132
吕伯奢 16 1509 9 0 177 178 175 169 258 142 239 67 13 170 282 188 280 93 264 168 208 203
普净 15 1694 9 0 212 211 210 204 69 88 233 136 11 271 251 123 194 252 162 58 227 281
华佗 16 1290 9 0 115 116 117 127 297 159 246 101 98 190 158 88 68 140 229 143 9 176
于吉 17 1546 9 0 83 84 85 95 163 18 157 146 197 108 287 293 296 150 272 132 188 25
左慈 11 1313 9 0 43 44 45 293 38 65 149 8 47 68 164 235 240 75 95 258 202 220
吉平 13 1397 9 0 185 186 183 158 129 100 280 188 207 17 262 210 10 4 298 159 180 104
