荀彧 16 774 7 0 171 172 173 139 181 291 282 226 208 18 236 186 31 147 7
荀攸 15 935 7 0 265 266 263 237 77 277 153 126 22 214 166 225 5 61 15
贾诩 12 859 7 0 278 277 280 111 88 169 251 1 23 42 79 201 90 283 212
郭嘉 15 1005 7 0 136 135 134 144 209 3 169 212 6 200 50 199 69 256 126
程昱 9 744 7 0 210 209 212 226 12 280 159 102 173 33 36 185 274 4 181
戏志才 12 734 7 0 275 276 277 4 262 47 16 231 293 86 198 196 149 260 182
刘晔 12 908 6 0 11 12 13 27 23 209 231 271 212 6 243 233 161 211 172
蒋济 15 738 7 0 55 56 57 294 41 262 207 296 217 260 187 5 7 186 285
陈群 10 768 7 0 155 156 157 107 133 145 34 52 204 106 217 150 259 249 60
华歆 8 617 8 0 192 191 190 164 104 96 101 220 267 175 68 118 139 95 245
钟繇 6 781 8 0 17 18 15 101 290 29 293 207 198 185 102 164 190 262 228
满宠 16 931 7 0 154 153 156 137 206 129 199 252 162 22 279 128 243 6 50
董昭 13 737 8 0 297 298 295 3 115 287 7 267 32 157 196 198 13 131 66
王朗 10 763 7 0 203 204 205 211 72 28 42 263 48 189 45 217 207 93 232
崔琰 10 709 7 0 138 137 140 153 106 60 142 167 51 204 8 146 219 80 298
毛玠 12 633 7 0 158 157 160 185 95 72 68 140 220 255 115 119 229 122 5
杜畿 13 817 7 0 26 25 28 37 264 132 244 160 276 85 93 238 254 282 84
田畴 14 704 7 0 147 148 149 119 146 91 259 235 287 288 29 52 86 171 101
王修 14 891 7 0 49 50 47 69 16 166 255 215 216 3 22 243 213 214 289
杨修 10 756 7 0 106 105 108 162 138 1 37 113 94 155 74 168 232 180 159
辛毗 13 867 8 0 216 215 214 5 255 284 165 88 49 195 277 109 231 153 58
杨阜 12 752 7 0 36 35 34 40 150 56 46 159 269 207 210 274 180 232 178
田豫 10 745 7 0 260 259 258 10 7 246 173 197 179 55 131 76 113 275 296
王粲 11 811 7 0 184 183 182 196 214 151 33 174 119 172 62 67 84 127 144
蒯越 10 891 7 0 252 251 250 280 292 249 263 154 99 28 77 58 109 212 56
张继 10 863 7 0 77 78 75 97 265 153 277 234 206 215 252 130 281 89 33
杜袭 17 960 7 0 279 280 281 251 99 243 112 162 40 126 154 6 200 199 114
枣祗任峻 6 825 7 0 228 227 226 256 213 70 24 98 90 284 2 19 222 118 17
陈矫 14 866 7 0 261 262 259 242 114 230 105 283 194 123 129 20 87 137 213
郗虑 13 829 7 0 223 224 225 247 124 2 82 130 120 160 56 12 125 179 1
桓玠 11 820 7 0 142 141 144 134 125 177 138 129 280 109 53 42 286 135 282
丁仪 16 831 7 0 174 173 176 166 98 69 1 184 243 27 179 250 121 85 38
丁廙 19 849 7 0 97 98 95 77 152 225 61 6 128 266 38 92 141 50 200
司马朗 15 792 7 0 34 33 36 86 27 227 155 145 294 74 121 85 205 84 107
韩暨 16 926 7 0 6 5 8 264 48 224 114 97 136 11 23 279 209 154 161
韦康 9 688 7 0 235 236 237 291 176 270 95 147 229 75 241 43 247 8 288
邴原 12 886 7 0 172 171 170 188 132 78 109 110 189 184 137 28 70 234 11
赵俨 8 647 7 0 245 246 243 197 281 9 139 295 140 102 143 202 264 175 192
娄圭 10 775 6 0 63 64 65 151 219 167 12 135 27 60 124 249 30 168 45
贾逵 11 834 7 0 201 202 199 209 197 37 283 53 292 89 27 278 16 2 39
陈琳 9 701 8 0 8 7 6 16 100 80 148 43 167 66 138 204 258 235 13
司马懿 11 804 8 0 144 143 142 136 251 207 117 243 180 286 125 41 127 264 184
张辽 14 839 6 0 248 247 246 224 117 31 141 179 78 238 160 227 129 112 133
徐晃 11 729 7 0 196 195 194 184 240 12 4 204 268 44 297 275 198 157 131
夏侯惇 8 841 7 0 286 285 288 269 230 236 104 291 290 144 42 56 142 33 284
夏侯渊 12 596 7 0 140 139 138 132 157 68 221 158 245 173 190 152 255 115 40
庞德 16 814 7 0 7 8 9 15 260 5 297 217 65 67 31 239 55 38 171
张郃 15 949 7 0 224 223 222 248 141 6 64 153 166 50 165 271 170 126 199
李典 15 846 7 0 290 289 292 234 17 79 107 141 286 263 239 125 276 195 169
乐进 11 618 7 0 68 67 66 32 96 140 158 139 164 43 192 220 115 255 143
典韦 13 859 7 0 91 92 93 79 127 147 238 112 263 24 20 215 291 57 193
曹洪 7 740 7 0 19 20 21 285 62 124 249 94 247 198 182 228 4 274 167
曹仁 10 711 8 0 32 31 30 68 74 288 258 175 297 270 229 257 298 100 44
曹彰 13 945 7 0 256 255 254 228 284 165 200 22 266 161 5 61 199 136 146
曹纯 13 920 7 0 99 100 101 123 279 23 15 3 252 40 61 161 183 166 160
于禁 11 789 8 0 242 241 244 261 217 226 133 79 149 107 65 74 253 269 111
许褚 9 641 7 0 222 221 224 217 118 113 240 218 219 257 295 102 228 220 229
吕虔 10 776 8 0 150 149 152 62 36 64 29 65 236 253 207 155 117 217 37
李通 14 849 6 0 283 284 285 271 215 205 201 261 250 53 281 39 78 278 277
文聘 12 778 7 0 272 271 270 284 2 193 167 48 25 236 189 263 249 226 259
臧霸 9 690 7 0 204 203 202 212 178 232 237 196 155 138 47 8 80 173 103
郭淮 15 841 7 0 179 180 181 219 239 178 160 248 260 92 174 107 38 223 292
钟会 9 813 7 0 48 47 46 104 6 92 193 272 203 41 111 264 27 39 177
邓艾 5 688 7 0 95 96 97 83 158 127 235 80 118 247 9 139 75 192 164
曹休 13 764 6 0 51 52 53 59 287 282 176 268 138 127 117 156 273 163 94
张燕 11 720 6 0 237 238 235 265 182 111 204 163 71 76 104 270 96 267 108
张绣 13 758 7 0 94 93 96 82 54 231 132 19 106 4 181 226 236 86 51
朱灵 9 774 8 0 30 29 32 33 276 141 281 117 93 181 60 62 63 177 145
路昭 12 772 7 0 263 264 265 44 47 135 252 203 91 290 107 272 197 207 168
史涣 15 813 7 0 107 108 109 155 257 187 290 134 127 242 263 179 268 1 34
韩浩 13 718 6 0 157 158 155 109 140 217 83 35 72 297 298 267 29 196 96
王凌 8 661 7 0 139 140 141 171 101 143 245 68 9 241 240 95 192 295 191
孙礼 11 779 8 0 24 23 22 72 5 86 228 173 37 91 16 127 145 132 189
秦朗 8 884 7 0 255 256 257 227 216 186 49 221 277 158 152 153 140 68 246
郑文 11 814 7 0 268 267 266 208 207 298 145 51 196 134 205 93 107 188 2
夏侯尚 15 943 8 0 199 200 201 159 234 194 154 87 58 211 40 136 256 279 224
毌丘俭 17 874 6 0 92 91 90 80 294 48 74 254 141 179 276 97 126 200 110
诸葛诞 11 658 7 0 9 10 7 25 191 245 267 298 139 143 95 100 103 219 220
孙乾 13 815 7 0 84 83 82 96 108 133 163 282 31 168 254 65 184 34 26
简雍 14 842 6 0 85 86 83 90 109 128 262 238 281 26 12 34 239 174 112
糜竺 15 849 8 0 14 13 16 276 20 109 120 125 33 39 151 213 277 53 141
糜芳 9 912 7 0 21 22 19 1 87 114 5 96 215 122 221 246 101 231 175
庞统 14 826 6 0 67 68 69 282 18 191 269 177 239 7 294 184 12 250 187
法正 13 861 7 0 78 77 80 98 82 172 209 128 248 141 110 87 283 281 70
许靖 14 843 7 0 112 111 110 88 148 105 279 91 109 20 141 1 41 248 85
马良 6 658 7 0 240 239 238 244 196 13 222 246 102 164 139 295 164 164 190
徐庶 16 925 7 0 161 162 159 105 22 266 90 225 126 256 3 99 11 128 6
陈震 13 703 7 0 267 268 269 207 282 220 9 297 192 208 175 157 104 237 116
杨仪 16 817 7 0 239 240 241 243 179 120 177 281 67 273 290 7 85 69 31
费祎 11 828 7 0 42 41 44 54 289 52 203 89 129 278 286 142 238 254 135
蒋琬 11 758 7 0 287 288 289 231 51 297 131 29 147 217 83 66 244 156 10
孟优 12 836 7 0 238 237 240 266 167 233 91 85 227 248 41 26 42 27 20
黄皓 14 795 7 0 134 133 136 142 229 75 66 107 178 268 59 205 250 31 12
诸葛亮 11 766 7 0 163 164 165 191 83 276 84 237 66 71 168 232 156 51 148
关羽 11 902 8 0 206 205 208 193 154 123 57 70 77 277 153 40 23 160 122
张飞 10 846 7 0 33 34 31 30 90 81 184 39 14 210 284 57 89 286 77
马超 8 631 7 0 202 201 204 146 164 108 175 72 257 221 246 245 191 102 173
黄忠 10 753 7 0 159 160 161 199 285 115 210 36 111 274 173 4 181 296 106
赵云 8 785 8 0 217 218 215 222 242 157 236 7 55 287 155 203 98 150 262
魏延 17 925 7 0 165 166 163 173 40 256 216 114 186 5 224 251 3 15 69
关平 9 789 7 0 145 146 143 141 37 155 268 34 273 156 226 148 24 111 30
周仓 14 769 7 0 226 225 228 210 270 242 103 171 18 293 145 94 189 272 253
关兴 10 854 7 0 56 55 54 64 29 36 110 37 188 133 223 286 82 130 252
张苞 11 756 7 0 10 9 12 260 160 102 178 31 285 296 167 182 185 198 287
陈到 12 771 7 0 207 208 209 267 268 144 55 17 185 36 150 253 203 263 249
李严 17 1068 6 0 69 70 67 49 212 174 183 200 50 114 186 266 136 239 165
姜维 11 894 7 0 109 110 107 157 85 14 172 20 112 142 123 216 252 162 153
廖化 8 767 8 0 180 179 178 152 244 46 181 269 144 59 253 45 36 106 117
马谡 11 928 7 0 122 121 124 129 126 183 87 277 225 21 289 221 271 158 206
马岱 6 623 7 0 295 296 297 76 254 219 191 245 175 118 222 240 167 139 241
陈式 11 866 7 0 153 154 151 138 70 77 265 224 234 58 206 255 57 216 109
雷铜 12 856 7 0 294 293 296 55 92 253 273 76 34 254 67 79 151 20 194
吴兰 14 664 7 0 101 102 99 17 139 71 192 115 221 35 88 96 21 5 147
王平 10 762 8 0 232 231 230 288 149 204 156 285 253 178 197 163 106 36 203
任夔 13 886 7 0 160 159 158 200 10 76 179 26 110 223 248 129 28 206 99
张翼 7 740 6 0 274 273 276 254 73 103 229 13 181 159 148 36 210 19 75
马忠 11 759 7 0 148 147 146 120 112 16 8 41 4 47 274 145 178 181 163
张南 14 734 6 0 170 169 172 178 89 173 190 111 231 177 25 18 224 253 35
冯习 14 861 8 0 291 292 293 235 227 171 44 286 38 276 54 70 91 213 211
傅佥 14 901 7 0 64 63 62 56 236 150 224 233 193 120 213 214 81 28 230
关索 7 811 8 0 173 174 171 165 135 170 260 24 210 140 159 190 152 204 202
陆逊 15 1014 6 0 126 125 128 133 122 250 266 265 161 279 209 200 92 224 136
张昭 17 803 7 0 186 185 188 218 269 255 211 5 165 225 69 171 1 55 195
张紘 15 860 7 0 141 142 139 145 224 30 248 290 92 78 112 81 97 110 14
鲁肃 14 885 8 0 289 290 287 233 42 149 152 121 137 169 122 211 123 194 49
虞翻 12 822 7 0 250 249 252 190 39 126 271 2 283 54 1 174 134 67 16
顾雍 16 858 7 0 129 130 127 122 185 154 292 142 42 87 261 160 248 81 90
诸葛谨 16 894 6 0 81 82 79 93 57 33 214 251 209 230 120 141 64 129 137
诸葛恪 14 856 8 0 28 27 26 12 183 203 125 90 61 252 82 172 160 64 234
陆凯 12 723 6 0 293 294 291 43 194 281 17 100 275 226 66 83 221 146 72
骆统 11 676 7 0 104 103 102 48 192 257 286 273 176 29 237 143 267 116 218
周鲂 10 749 7 0 296 295 294 292 128 117 219 55 258 10 13 178 83 159 260
周瑜 9 816 6 0 264 263 262 6 26 119 195 57 151 90 39 48 245 144 152
吕蒙 10 733 7 0 149 150 147 61 232 289 43 4 242 45 244 13 275 72 46
甘宁 12 853 7 0 89 90 87 113 170 15 93 42 105 201 133 82 33 77 130
太史慈 24 1037 6 0 200 199 198 160 120 50 256 69 114 136 266 126 279 92 97
程普 17 853 7 0 110 109 112 73 65 182 56 172 160 128 78 120 195 141 92
黄盖 12 717 7 0 72 71 70 24 203 158 18 202 157 219 80 258 257 149 293
韩当 16 1049 7 0 50 49 52 70 15 200 213 58 69 224 136 22 114 97 154
周泰 7 718 8 0 167 168 169 175 238 63 272 138 8 80 10 98 295 152 19
蒋钦 6 685 7 0 247 248 249 223 259 116 218 71 19 95 118 191 235 47 43
丁奉 11 968 7 0 5 6 3 216 24 7 21 186 211 165 256 55 265 101 158
徐盛 9 723 7 0 13 14 11 29 121 240 111 274 177 259 296 149 297 185 8
陈武 8 804 7 0 98 97 100 78 174 121 234 228 115 246 105 167 217 37 119
凌操 14 782 7 0 187 188 189 259 231 107 71 127 45 52 55 244 124 74 67
凌统 10 707 8 0 298 297 1 257 116 268 108 9 246 176 157 229 32 258 138
潘璋 17 915 8 0 120 119 118 148 200 239 14 183 223 64 81 110 15 22 251
朱然 18 1000 6 0 266 265 268 238 249 161 126 40 256 97 200 69 22 114 233
孙桓 16 848 7 0 90 89 92 85 33 53 161 28 228 264 130 169 278 87 129
马忠 18 937 7 0 114 113 116 117 261 21 6 165 200 69 230 15 50 266 279
孙韶 12 830 7 0 151 152 153 63 137 184 40 214 264 234 14 281 294 41 27
朱桓 15 908 7 0 22 21 24 2 161 162 123 256 265 154 49 50 266 120 3
夏恂 12 727 8 0 182 181 184 214 237 110 285 241 262 117 19 10 73 46 275
周平 11 851 8 0 57 58 55 65 81 213 206 264 284 2 234 33 153 91 162
全琮 13 859 7 0 193 194 191 206 225 272 48 61 64 243 292 54 169 70 91
于诠 14 845 7 0 87 88 89 277 21 190 122 199 15 129 227 78 261 90 276
张角 9 670 7 0 219 220 221 179 63 295 296 229 222 72 191 175 138 9 118
何进 8 840 8 0 284 283 282 272 256 216 70 195 57 228 33 234 2 105 286
董卓 4 580 8 0 164 163 162 192 202 198 75 116 68 240 43 17 240 240 95
袁绍 12 835 7 0 79 80 81 91 76 290 254 242 16 135 278 294 292 133 41
吕布 14 700 7 0 146 145 148 202 147 131 208 83 100 191 44 138 108 293 256
袁术 13 790 7 0 269 270 267 286 186 208 67 180 36 105 132 189 62 242 121
刘表 12 859 7 0 130 129 132 121 277 189 162 223 62 194 90 77 234 56 89
刘璋 11 773 7 0 62 61 64 150 19 39 215 82 130 119 184 30 269 208 280
马腾 10 802 8 0 93 94 91 81 168 181 89 25 30 111 26 268 132 203 105
张鲁 14 948 6 0 128 127 126 116 296 85 243 78 97 110 169 154 233 161 270
韩遂 12 754 7 0 244 243 242 240 180 4 26 74 156 113 149 187 287 178 83
公孙瓒 12 974 7 0 225 226 223 230 193 97 124 161 122 186 162 265 285 88 271
韩馥 10 704 6 0 80 79 78 92 52 8 116 95 241 167 72 75 204 138 102
刘岱 15 916 7 0 3 4 5 297 45 136 38 99 233 49 161 23 165 183 22
王匡 8 745 7 0 73 74 71 110 274 175 76 18 29 218 4 46 182 44 100
张邈 8 673 7 0 191 192 193 163 9 67 295 288 108 146 219 247 202 43 139
孔伷 12 774 7 0 259 260 261 187 247 156 147 178 74 13 71 117 155 60 272
陶谦 14 901 7 0 88 87 86 112 278 212 121 216 195 131 101 115 162 225 23
鲍信 8 705 7 0 47 48 49 103 263 275 86 181 43 148 204 241 100 247 258
桥瑁 11 822 7 0 135 136 137 143 173 263 205 63 133 79 188 16 105 142 42
袁遗 10 776 7 0 60 59 58 52 119 138 54 16 124 63 30 37 45 259 155
孔融 8 795 8 0 262 261 264 270 275 55 85 156 182 46 185 280 37 17 217
张超 11 695 7 0 76 75 74 295 79 160 73 294 288 237 100 260 44 108 176
张杨 14 845 8 0 276 275 274 14 30 163 227 209 26 291 92 38 290 277 87
刘度 13 789 7 0 121 122 119 130 13 98 88 289 41 124 34 282 174 65 269
赵范 8 716 7 0 100 99 98 124 8 185 113 293 146 258 76 9 47 32 73
金旋 11 838 7 0 39 40 41 35 250 62 137 33 2 14 264 283 215 48 201
韩玄 11 801 7 0 111 112 113 278 123 237 13 170 159 93 48 132 246 145 242
张宝 11 688 7 0 29 30 27 13 56 17 150 287 73 104 147 103 157 96 257
张梁 9 651 7 0 118 117 120 125 222 229 253 143 95 295 247 192 220 228 219
程远志 12 832 6 0 27 28 29 11 34 59 198 133 63 174 201 231 48 238 151
邓茂 15 759 7 0 236 235 234 220 64 286 217 227 150 272 171 273 94 270 205
马元义 14 774 7 0 71 72 73 23 31 101 187 247 237 163 259 59 168 25 74
赵弘 14 835 7 0 133 134 131 126 155 84 242 27 135 56 89 53 227 79 248
韩忠 15 845 6 0 292 291 290 296 252 152 129 280 201 183 193 195 79 169 179
孙夏 10 616 7 0 175 176 177 167 253 73 202 32 295 192 267 219 143 245 21
管亥 14 858 7 0 234 233 236 290 199 188 98 77 153 151 57 284 130 172 28
何仪 13 804 7 0 132 131 130 140 172 26 94 59 249 205 269 111 93 24 254
刘辟 13 911 8 0 183 184 185 195 28 122 69 120 169 292 194 162 99 3 61
龚都 11 935 7 0 40 39 38 36 165 215 151 266 279 99 199 206 61 58 140
裴元绍 13 755 7 0 156 155 154 108 188 259 232 262 244 145 113 51 163 287 86
高升 11 845 8 0 231 232 233 287 187 94 11 275 170 281 119 27 216 21 125
张闿 13 745 7 0 66 65 68 58 44 74 134 75 163 8 293 287 46 113 297
韩暹 12 781 7 0 59 60 61 51 105 27 188 132 12 180 134 71 208 197 25
李乐 12 683 7 0 221 222 219 258 243 197 140 255 101 202 21 122 293 35 115
杨奉 10 622 7 0 102 101 104 18 246 10 220 210 240 245 17 222 119 202 80
董承 11 812 7 0 2 1 4 22 272 223 189 250 39 57 228 105 284 201 268
王子服 13 846 6 0 227 228 229 255 291 34 276 236 238 38 87 248 133 82 215
李儒 15 932 7 0 166 165 168 174 189 49 58 211 224 96 265 209 251 99 243
陈宫 9 755 7 0 181 182 179 213 171 93 180 47 274 30 94 197 159 148 210
田丰 12 772 7 0 197 198 195 245 201 221 96 260 83 285 232 181 263 59 273
沮授 16 838 6 0 38 37 40 46 43 20 3 23 291 227 97 276 179 7 174
审配 15 698 7 0 285 286 283 19 159 168 182 232 10 197 208 35 225 271 55
许攸 13 817 7 0 254 253 256 274 295 35 79 92 282 294 84 124 26 42 132
郭图 14 826 6 0 12 11 10 28 210 196 63 230 59 1 85 223 67 16 134
逢纪 7 695 7 0 75 76 77 131 35 134 164 66 116 235 176 80 95 288 274
辛评 12 816 8 0 16 15 14 8 49 148 275 60 79 125 24 135 201 12 250
荀谌 11 784 6 0 280 279 278 252 86 210 185 292 142 249 37 262 177 189 62
辛毗 10 729 7 0 44 43 42 263 66 176 291 45 52 196 146 108 76 73 32
陈登 14 883 7 0 211 212 213 203 190 58 186 166 5 199 214 289 230 11 291
蒯良 18 918 7 0 233 234 231 289 195 238 212 64 3 251 15 11 128 54 266
王累 11 672 6 0 220 219 218 236 273 267 102 192 158 103 288 68 118 222 9
韩胤 15 789 6 0 205 206 203 194 241 283 135 54 20 132 268 134 34 124 236
沮鹄 13 824 7 0 1 2 298 21 61 106 174 278 125 12 250 112 186 107 223
杨弘 17 921 7 0 251 252 253 279 144 41 278 81 271 233 212 165 166 243 120
阎象 11 786 7 0 189 190 187 249 166 130 2 124 172 203 272 269 226 280 24
蒯越 10 816 7 0 105 106 103 161 59 112 261 86 89 269 98 2 135 284 93
伍孚 14 847 7 0 277 278 275 87 130 265 77 122 255 206 216 194 14 276 283
李傕 11 656 7 0 143 144 145 135 103 139 288 118 270 9 245 104 175 257 68
郭汜 12 748 8 0 178 177 180 170 204 179 10 259 134 232 46 296 148 244 36
颜良 12 770 8 0 168 167 166 176 93 285 20 253 218 84 163 106 71 63 263
文丑 16 867 8 0 54 53 56 42 94 61 60 205 230 250 291 193 137 233 123
潘凤 13 786 6 0 208 207 206 268 218 269 146 131 171 267 285 113 59 62 124
俞涉 16 881 7 0 137 138 135 154 151 214 39 123 289 61 172 230 54 261 81
武安国 13 666 7 0 116 115 114 128 298 247 80 164 75 229 258 288 176 104 267
穆顺 14 771 7 0 74 73 76 45 32 66 92 244 259 34 106 242 18 187 71
华雄 5 729 7 0 241 242 239 229 205 25 52 182 80 139 235 47 43 190 295
牛辅 11 719 7 0 108 107 106 156 84 202 298 176 191 83 52 44 146 76 237
张济 8 772 7 0 117 118 115 114 248 296 144 30 113 182 51 259 150 45 180
樊稠 16 789 7 0 31 32 33 281 71 248 45 10 84 65 7 25 171 134 239
胡轸 13 933 7 0 61 62 59 149 1 54 97 193 28 137 99 256 40 265 183
胡车儿 13 862 6 0 70 69 72 50 153 228 284 206 214 213 195 291 172 193 78
李肃 9 674 8 0 288 287 286 232 4 32 143 191 76 147 220 116 218 75 235
高顺 13 830 7 0 215 216 217 20 283 40 62 49 21 77 58 91 39 125 227
张任 5 786 7 0 190 189 192 250 211 87 170 152 82 115 140 173 17 241 240
高览 12 783 6 0 25 26 23 9 53 241 194 93 272 282 170 31 65 71 59
曹性 14 906 7 0 214 213 216 182 184 137 81 151 70 265 211 64 58 49 209
闵纯 11 821 7 0 282 281 284 67 267 51 171 84 254 25 177 121 188 26 142
纪灵 12 769 8 0 249 250 247 189 266 252 19 194 132 280 127 63 272 155 207
马休 14 915 7 0 23 24 25 71 11 99 230 38 278 162 6 3 206 209 88
马铁 13 706 7 0 96 95 94 84 68 192 197 21 131 166 271 101 237 29 157
高览 9 688 8 0 103 104 105 47 143 274 226 257 35 220 270 29 9 176 204
袁谭 16 869 7 0 123 124 125 99 111 206 22 137 152 261 109 212 289 230 54
袁熙 9 674 6 0 229 230 227 241 134 118 274 219 235 116 32 298 158 218 222
袁尚 14 757 7 0 253 254 251 273 175 294 118 168 232 150 180 207 242 170 226
高干 9 617 7 0 246 245 248 198 102 260 115 240 298 98 202 21 111 119 255
麴义 9 809 7 0 152 151 150 180 97 292 289 190 123 82 255 140 173 167 264
吕翔 14 932 6 0 209 210 207 201 136 11 78 276 81 15 126 166 6 23 214
吕旷 11 847 7 0 125 126 123 118 142 82 28 14 1 16 144 290 223 215 231
韩猛 12 773 7 0 273 274 271 253 220 45 294 104 145 239 86 236 51 83 197
淳于琼 11 746 7 0 18 17 20 102 67 83 72 73 226 171 35 170 74 52 185
焦触 13 819 7 0 127 128 129 115 91 95 270 187 107 51 249 24 144 184 82
张南 12 847 7 0 20 19 18 215 14 38 168 109 205 112 91 261 53 294 238
马延 14 898 7 0 230 229 232 225 286 261 23 12 54 81 114 137 211 123 64
雷薄 12 885 6 0 194 193 196 205 293 199 25 249 261 130 183 277 212 289 294
张勋 13 729 8 0 52 51 50 60 80 42 241 155 44 187 108 147 131 18 113
陈纪 13 740 7 0 113 114 111 89 46 222 100 106 117 244 156 208 260 66 52
桥蕤 14 884 6 0 213 214 211 181 228 57 50 15 53 70 64 14 49 291 261
郝萌 9 727 8 0 198 197 200 246 131 164 27 46 17 19 275 297 196 10 4
侯成 12 836 7 0 41 42 39 53 55 251 65 148 121 48 238 144 112 151 79
宋宪 13 755 6 0 86 85 88 34 280 24 47 105 46 275 273 131 147 94 156
魏续 12 925 7 0 271 272 273 283 169 195 250 11 251 212 96 224 122 285 225
成廉 15 916 7 0 243 244 245 239 221 279 128 144 174 193 11 49 154 251 166
蔡瑁 17 850 7 0 195 196 197 183 233 271 264 284 88 216 70 292 110 290 186
张允 13 828 7 0 82 81 84 94 78 125 223 62 190 152 28 89 56 227 127
黄祖 11 885 7 0 162 161 164 106 58 22 130 279 154 23 225 183 88 109 57
苏飞 13 855 7 0 281 282 279 31 245 293 30 239 85 231 283 151 77 78 53
吕公 15 848 7 0 169 170 167 177 271 278 136 119 183 289 128 90 193 292 290
侯选 11 696 6 0 176 175 174 168 235 44 51 108 104 298 75 218 116 103 76
程银 11 745 7 0 131 132 133 75 198 146 287 208 96 88 260 86 52 297 196
李堪 10 797 7 0 37 38 35 26 145 201 106 56 24 188 280 60 262 98 150
张横 13 848 8 0 53 54 51 41 25 90 119 201 213 283 142 133 20 14 281
梁兴 9 736 7 0 4 3 2 275 288 244 196 149 148 94 73 159 19 210 198
成宜 10 736 7 0 46 45 48 38 113 180 36 198 86 262 178 73 66 182 149
马玩 13 878 7 0 58 57 60 66 162 211 166 50 199 153 215 252 214 40 216
杨秋 15 686 7 0 270 269 272 262 226 235 127 258 143 32 103 237 35 236 128
张让 11 690 6 0 257 258 255 298 107 104 35 103 202 222 218 32 72 143 29
赵忠 13 778 7 0 124 123 122 100 223 19 225 189 60 121 63 254 187 205 208
封谞 15 927 8 0 15 16 17 7 50 89 99 213 87 209 233 114 120 165 265
段珪 10 766 7 0 45 46 43 74 3 273 31 44 187 149 203 180 60 117 63
曹节 14 711 7 0 35 36 37 39 75 254 257 157 103 101 18 285 270 221 170
侯览 11 685 6 0 218 217 220 186 208 258 247 222 168 73 257 176 288 229 104
蹇硕 13 799 7 0 65 66 63 57 110 43 41 150 7 31 242 84 25 121 188
程旷 8 707 6 0 258 257 260 221 177 218 32 270 296 100 116 72 8 298 47
夏恽 8 838 6 0 119 120 121 147 60 264 53 169 184 62 231 158 102 246 98
郭胜 13 803 6 0 188 187 186 172 156 234 59 185 56 37 135 177 282 268 65
吕伯奢 9 805 7 0 177 178 175 169 258 142 239 67 13 170 282 188 280 30 48
普净 12 899 7 0 212 211 210 204 69 88 233 136 11 271 251 123 194 252 278
华佗 12 641 7 0 115 116 117 127 297 159 246 101 98 190 158 88 68 140 221
于吉 12 762 7 0 83 84 85 95 163 18 157 146 197 108 287 293 296 273 244
左慈 6 695 6 0 43 44 45 293 38 65 149 8 47 68 164 235 241 191 247
吉平 11 749 7 0 185 186 183 158 129 100 280 188 207 17 262 210 10 13 18
