1 186 114 1 
2 200 161 2 
3 15 126 3 
4 266 120 2 
5 97 64 2 
6 92 128 3 
7 110 169 2 
8 31 154 2 
9 279 183 3 
10 6 251 3 
11 141 193 2 
12 7 174 3 
13 248 124 2 
14 82 69 2 
15 136 22 2 
16 224 256 1 
17 172 250 2 
18 252 54 3 
19 123 292 3 
20 84 283 2 
21 87 134 2 
22 86 12 3 
23 287 155 3 
24 285 177 2 
25 267 233 1 
26 243 206 1 
27 265 28 2 
28 211 38 2 
29 121 291 2 
30 189 34 1 
31 83 131 2 
32 170 51 3 
33 253 176 3 
34 143 50 3 
35 165 81 2 
36 137 133 3 
37 3 213 2 
38 289 261 2 
39 90 195 3 
40 65 276 2 
41 77 239 1 
42 205 130 3 
43 39 223 3 
44 79 187 1 
45 238 151 2 
46 132 55 3 
47 35 269 3 
48 237 113 2 
49 146 149 3 
50 116 40 1 
51 199 229 1 
52 115 78 1 
53 290 99 3 
54 11 214 2 
55 271 129 3 
56 88 49 1 
57 162 41 1 
58 109 281 1 
59 125 282 3 
60 107 231 2 
61 20 197 2 
62 242 286 1 
63 163 93 3 
64 66 94 2 
65 150 71 2 
66 59 96 2 
67 52 157 1 
68 274 139 2 
69 254 53 3 
70 234 179 1 
71 294 127 2 
72 216 208 1 
73 268 57 1 
74 25 236 1 
75 264 203 1 
76 297 18 3 
77 29 249 1 
78 181 270 1 
79 36 293 2 
80 204 9 2 
81 257 138 2 
82 219 158 1 
83 140 166 1 
84 61 68 3 
85 230 70 2 
86 153 23 2 
87 14 21 1 
88 160 277 2 
89 89 278 3 
90 42 112 3 
91 201 215 3 
92 144 273 2 
93 74 26 3 
94 46 135 1 
95 63 232 1 
96 275 30 1 
97 73 24 1 
98 228 106 2 
99 262 104 2 
100 17 180 2 
101 220 85 1 
102 255 58 3 
103 171 33 1 
104 142 168 1 
105 284 62 3 
106 98 48 3 
107 272 207 2 
108 263 260 1 
109 190 44 3 
110 108 196 3 
111 13 198 2 
112 191 76 1 
113 5 246 2 
114 225 227 2 
115 122 209 2 
116 212 56 2 
117 194 27 2 
118 188 2 3 
119 156 111 3 
120 45 296 1 
121 178 147 1 
122 298 103 1 
123 182 221 3 
124 101 72 3 
125 32 245 2 
126 288 222 2 
127 67 1 2 
128 91 184 2 
129 119 105 2 
130 217 145 3 
131 226 244 3 
132 148 185 3 
133 4 218 3 
134 16 235 3 
135 80 247 2 
136 43 117 2 
137 60 10 2 
138 118 37 3 
139 173 95 3 
140 175 8 3 
141 192 259 2 
142 295 19 1 
143 100 75 2 
144 47 202 3 
145 152 280 2 
146 164 167 3 
147 258 210 3 
148 159 241 3 
149 102 240 3 
