1 114 31 2 
2 110 200 2 
3 128 186 2 
4 15 97 1 
5 64 126 3 
6 54 169 3 
7 69 154 2 
8 6 266 3 
9 250 251 2 
10 161 87 1 
11 34 7 3 
12 124 279 2 
13 136 233 2 
14 120 22 1 
15 256 3 1 
16 172 92 3 
17 28 141 2 
18 193 133 1 
19 292 174 2 
20 38 121 2 
21 131 285 3 
22 287 50 2 
23 224 243 1 
24 11 183 3 
25 211 49 1 
26 283 123 2 
27 130 248 3 
28 239 82 3 
29 134 86 2 
30 12 163 1 
31 155 51 1 
32 143 267 3 
33 137 165 2 
34 199 81 2 
35 40 213 2 
36 252 290 1 
37 261 276 3 
38 90 129 1 
39 84 195 1 
40 125 65 3 
41 223 20 2 
42 57 238 3 
43 187 25 1 
44 83 170 2 
45 236 253 3 
46 177 113 1 
47 35 29 1 
48 270 176 3 
49 265 61 1 
50 166 206 3 
51 99 289 3 
52 214 88 2 
53 53 281 2 
54 77 41 2 
55 291 278 1 
56 179 39 3 
57 79 107 2 
58 127 151 3 
59 201 189 3 
60 197 242 3 
61 132 273 1 
62 269 94 2 
63 55 71 2 
64 66 52 1 
65 96 275 1 
66 237 9 2 
67 257 78 3 
68 85 271 3 
69 162 109 2 
70 234 70 1 
71 14 254 3 
72 277 294 3 
73 216 205 3 
74 231 282 2 
75 215 26 2 
76 150 74 1 
77 203 93 3 
78 18 30 2 
79 249 24 1 
80 262 157 2 
81 149 108 1 
82 146 13 1 
83 138 293 1 
84 116 219 1 
85 229 140 1 
86 115 122 1 
87 158 230 3 
88 21 212 1 
89 112 153 1 
90 58 171 2 
91 286 188 1 
92 208 135 2 
93 264 62 1 
94 59 45 1 
95 260 181 2 
96 36 147 1 
97 274 191 1 
98 139 5 1 
99 68 209 1 
100 23 56 2 
101 227 160 3 
102 89 1 1 
103 27 42 2 
104 255 268 3 
105 144 33 2 
106 184 284 3 
107 48 2 2 
108 263 63 2 
109 228 272 1 
110 98 207 1 
111 226 297 3 
112 232 46 2 
113 244 73 3 
114 106 44 1 
115 148 196 3 
116 182 17 2 
117 104 221 2 
118 185 204 3 
119 245 76 3 
120 288 246 3 
121 225 142 2 
122 119 217 2 
123 178 111 3 
124 180 103 1 
125 32 72 3 
126 220 101 1 
127 222 194 3 
128 91 16 2 
129 168 105 1 
130 156 296 2 
131 145 190 3 
132 117 10 2 
133 259 198 3 
134 4 298 3 
135 218 95 2 
136 235 295 2 
137 67 192 2 
138 280 60 3 
139 8 118 3 
140 43 80 2 
141 152 202 2 
142 175 164 1 
143 173 37 2 
144 159 100 3 
145 19 47 1 
146 247 241 1 
147 75 102 1 
148 167 210 1 
149 258 240 2 
