1 88 112 1 
2 228 256 3 
3 272 284 3 
4 1 21 2 
5 2 22 3 
6 49 69 3 
7 50 70 1 
8 77 97 2 
9 78 98 2 
10 105 161 3 
11 106 162 3 
12 165 173 1 
13 166 174 2 
14 189 249 2 
15 190 250 2 
16 277 87 2 
17 278 111 1 
18 227 255 2 
19 271 283 2 
20 36 40 3 
21 120 148 1 
22 204 212 3 
23 264 6 3 
24 58 66 1 
25 82 94 2 
26 122 129 1 
27 137 154 2 
28 193 206 2 
29 238 266 2 
30 11 27 1 
31 183 195 2 
32 20 215 2 
33 48 104 1 
34 136 144 1 
35 160 200 3 
36 224 248 1 
37 276 14 2 
38 30 33 2 
39 85 90 2 
40 114 117 1 
41 126 133 1 
42 141 145 1 
43 201 209 3 
44 225 230 2 
45 242 261 3 
46 269 286 2 
47 7 15 3 
48 23 71 1 
49 99 123 1 
50 239 243 2 
51 251 279 3 
52 12 28 3 
53 184 196 1 
54 216 5 1 
55 57 65 1 
56 81 93 1 
57 121 130 3 
58 138 153 2 
59 194 205 2 
60 237 265 3 
61 35 39 3 
62 119 147 2 
63 203 211 3 
64 44 263 2 
65 56 64 3 
66 152 180 1 
67 220 236 3 
68 292 296 2 
69 41 53 2 
70 42 54 3 
71 61 149 1 
72 62 150 2 
73 169 177 1 
74 170 178 2 
75 181 213 2 
76 182 214 3 
77 233 289 1 
78 234 290 2 
79 293 43 2 
80 294 55 2 
81 63 151 3 
82 179 219 1 
83 235 291 3 
84 76 295 1 
85 132 140 1 
86 172 188 1 
87 260 10 2 
88 26 37 2 
89 45 74 1 
90 109 157 1 
91 186 218 1 
92 221 258 1 
93 297 3 3 
94 51 59 2 
95 79 91 1 
96 107 155 2 
97 167 175 1 
98 231 287 2 
99 8 16 3 
100 24 72 2 
101 100 124 3 
102 240 244 2 
103 252 280 1 
104 13 29 2 
105 34 86 1 
106 89 113 1 
107 118 125 3 
108 134 142 3 
109 146 202 1 
110 210 226 2 
111 229 241 3 
112 262 270 2 
113 285 19 3 
114 47 103 1 
115 135 143 1 
116 159 199 3 
117 223 247 1 
118 4 275 2 
119 52 60 3 
120 80 92 3 
121 108 156 2 
122 168 176 2 
123 232 288 2 
124 9 25 3 
125 38 46 1 
126 73 110 2 
127 158 185 3 
128 217 222 1 
129 257 298 1 
130 75 131 2 
131 139 171 3 
132 187 259 1 
133 32 68 2 
134 84 96 2 
135 116 128 3 
136 164 192 3 
137 208 268 2 
138 17 101 1 
139 18 102 2 
140 197 245 1 
141 198 246 2 
142 253 273 2 
143 254 274 2 
144 281 31 3 
145 282 67 2 
146 83 95 1 
147 115 127 2 
148 163 191 1 
149 207 267 2 
