1 233 200 3 
2 114 97 1 
3 120 266 3 
4 195 69 3 
5 50 165 3 
6 6 92 2 
7 110 129 1 
8 174 31 3 
9 171 126 2 
10 279 224 1 
11 15 251 3 
12 243 81 2 
13 137 141 3 
14 54 186 3 
15 123 285 2 
16 128 209 1 
17 154 161 1 
18 3 230 3 
19 22 23 2 
20 291 290 2 
21 234 292 2 
22 90 38 2 
23 169 87 1 
24 112 179 1 
25 277 133 3 
26 239 107 1 
27 7 134 2 
28 34 67 2 
29 71 205 2 
30 236 101 3 
31 136 166 3 
32 199 265 3 
33 49 160 3 
34 289 213 1 
35 53 261 1 
36 14 223 1 
37 84 215 1 
38 82 65 3 
39 208 51 2 
40 226 66 1 
41 253 55 2 
42 170 157 3 
43 35 267 3 
44 146 270 2 
45 256 271 2 
46 61 214 1 
47 183 64 2 
48 88 194 2 
49 212 58 3 
50 211 78 3 
51 216 70 3 
52 91 130 3 
53 28 193 3 
54 276 283 3 
55 248 85 2 
56 41 27 1 
57 238 250 1 
58 254 12 1 
59 132 121 2 
60 269 187 2 
61 74 25 2 
62 273 263 1 
63 244 86 1 
64 52 156 2 
65 113 72 2 
66 147 158 2 
67 99 122 2 
68 153 11 3 
69 172 281 3 
70 57 227 3 
71 39 1 3 
72 127 268 3 
73 26 184 1 
74 242 188 3 
75 272 124 1 
76 24 207 2 
77 62 259 1 
78 249 163 3 
79 94 287 3 
80 18 131 1 
81 178 297 2 
82 36 275 1 
83 182 108 1 
84 96 176 1 
85 221 257 1 
86 104 115 3 
87 116 143 2 
88 140 225 2 
89 40 278 2 
90 294 56 1 
91 89 125 2 
92 20 33 3 
93 231 79 1 
94 42 151 1 
95 282 135 3 
96 16 142 2 
97 105 37 2 
98 168 59 2 
99 155 197 2 
100 83 106 3 
101 296 44 1 
102 298 293 1 
103 80 220 2 
104 9 175 2 
105 206 5 2 
106 109 201 3 
107 162 48 2 
108 144 2 1 
109 111 152 2 
110 189 63 1 
111 232 280 3 
112 10 45 1 
113 30 203 3 
114 148 185 3 
115 196 210 1 
116 46 237 2 
117 103 149 1 
118 13 76 3 
119 29 218 1 
120 235 118 3 
121 222 68 1 
122 246 252 3 
123 93 77 2 
124 217 117 3 
125 150 60 1 
126 159 260 1 
127 32 4 1 
128 198 138 3 
129 139 258 3 
130 192 202 1 
131 102 21 3 
132 286 119 1 
133 284 264 1 
134 177 98 2 
135 145 181 1 
136 167 73 1 
137 100 75 2 
138 8 229 1 
139 288 204 3 
140 219 255 3 
141 262 180 1 
142 17 47 2 
143 191 245 1 
144 173 240 3 
145 295 19 2 
146 95 274 1 
147 247 228 1 
148 190 43 1 
149 164 241 2 
