荀彧 13 478 6 0 171 172 173 139 181 291 282 226 208 18 236 186 31
荀攸 11 613 7 0 265 266 263 237 77 277 153 126 22 214 166 225 5
贾诩 12 540 6 0 278 277 280 111 88 169 251 1 23 42 79 201 90
郭嘉 13 646 6 0 136 135 134 144 209 3 169 212 6 200 50 199 69
程昱 6 489 6 0 210 209 212 226 12 280 159 102 173 33 36 185 274
戏志才 9 472 6 0 275 276 277 4 262 47 16 231 293 86 198 196 149
刘晔 12 582 6 0 11 12 13 27 23 209 231 271 212 6 243 233 161
蒋济 14 461 6 0 55 56 57 294 41 262 207 296 217 260 187 5 7
陈群 9 494 6 0 155 156 157 107 133 145 34 52 204 106 217 150 259
华歆 5 397 7 0 192 191 190 164 104 96 101 220 267 175 68 118 139
钟繇 4 523 7 0 17 18 15 101 290 29 293 207 198 185 102 164 190
满宠 14 595 6 0 154 153 156 137 206 129 199 252 162 22 279 128 243
董昭 9 468 7 0 297 298 295 3 115 287 7 267 32 157 196 198 13
王朗 9 493 7 0 203 204 205 211 72 28 42 263 48 189 45 217 207
崔琰 8 450 6 0 138 137 140 153 106 60 142 167 51 204 8 146 219
毛玠 9 387 6 0 158 157 160 185 95 72 68 140 220 255 115 119 229
杜畿 10 527 6 0 26 25 28 37 264 132 244 160 276 85 93 238 254
田畴 12 435 7 0 147 148 149 119 146 91 259 235 287 288 29 52 86
王修 12 568 6 0 49 50 47 69 16 166 255 215 216 3 22 243 213
杨修 8 486 6 0 106 105 108 162 138 1 37 113 94 155 74 168 232
辛毗 9 566 6 0 216 215 214 5 255 284 165 88 49 195 277 109 231
杨阜 8 496 6 0 36 35 34 40 150 56 46 159 269 207 210 274 180
田豫 10 464 6 0 260 259 258 10 7 246 173 197 179 55 131 76 113
王粲 11 517 6 0 184 183 182 196 214 151 33 174 119 172 62 67 84
蒯越 9 579 6 0 252 251 250 280 292 249 263 154 99 28 77 58 109
张继 10 560 6 0 77 78 75 97 265 153 277 234 206 215 252 130 281
杜袭 15 604 6 0 279 280 281 251 99 243 112 162 40 126 154 6 200
枣祗任峻 6 551 6 0 228 227 226 256 213 70 24 98 90 284 2 19 222
陈矫 13 549 6 0 261 262 259 242 114 230 105 283 194 123 129 20 87
郗虑 11 531 6 0 223 224 225 247 124 2 82 130 120 160 56 12 125
桓玠 8 536 6 0 142 141 144 134 125 177 138 129 280 109 53 42 286
丁仪 12 529 5 0 174 173 176 166 98 69 1 184 243 27 179 250 121
丁廙 15 532 6 0 97 98 95 77 152 225 61 6 128 266 38 92 141
司马朗 12 497 7 0 34 33 36 86 27 227 155 145 294 74 121 85 205
韩暨 13 597 6 0 6 5 8 264 48 224 114 97 136 11 23 279 209
韦康 6 449 6 0 235 236 237 291 176 270 95 147 229 75 241 43 247
邴原 11 564 6 0 172 171 170 188 132 78 109 110 189 184 137 28 70
赵俨 8 400 6 0 245 246 243 197 281 9 139 295 140 102 143 202 264
娄圭 8 501 6 0 63 64 65 151 219 167 12 135 27 60 124 249 30
贾逵 10 535 5 0 201 202 199 209 197 37 283 53 292 89 27 278 16
陈琳 7 449 7 0 8 7 6 16 100 80 148 43 167 66 138 204 258
司马懿 9 523 6 0 144 143 142 136 251 207 117 243 180 286 125 41 127
张辽 13 535 6 0 248 247 246 224 117 31 141 179 78 238 160 227 129
徐晃 9 465 6 0 196 195 194 184 240 12 4 204 268 44 297 275 198
夏侯惇 8 544 6 0 286 285 288 269 230 236 104 291 290 144 42 56 142
夏侯渊 9 365 5 0 140 139 138 132 157 68 221 158 245 173 190 152 255
庞德 14 506 6 0 7 8 9 15 260 5 297 217 65 67 31 239 55
张郃 12 610 6 0 224 223 222 248 141 6 64 153 166 50 165 271 170
李典 13 534 6 0 290 289 292 234 17 79 107 141 286 263 239 125 276
乐进 9 380 6 0 68 67 66 32 96 140 158 139 164 43 192 220 115
典韦 11 550 6 0 91 92 93 79 127 147 238 112 263 24 20 215 291
曹洪 6 488 6 0 19 20 21 285 62 124 249 94 247 198 182 228 4
曹仁 7 449 6 0 32 31 30 68 74 288 258 175 297 270 229 257 298
曹彰 13 611 6 0 256 255 254 228 284 165 200 22 266 161 5 61 199
曹纯 12 592 5 0 99 100 101 123 279 23 15 3 252 40 61 161 183
于禁 11 497 6 0 242 241 244 261 217 226 133 79 149 107 65 74 253
许褚 7 409 5 0 222 221 224 217 118 113 240 218 219 257 295 102 228
吕虔 7 499 6 0 150 149 152 62 36 64 29 65 236 253 207 155 117
李通 11 548 6 0 283 284 285 271 215 205 201 261 250 53 281 39 78
文聘 10 498 6 0 272 271 270 284 2 193 167 48 25 236 189 263 249
臧霸 7 450 6 0 204 203 202 212 178 232 237 196 155 138 47 8 80
郭淮 13 527 6 0 179 180 181 219 239 178 160 248 260 92 174 107 38
钟会 9 529 6 0 48 47 46 104 6 92 193 272 203 41 111 264 27
邓艾 5 438 6 0 95 96 97 83 158 127 235 80 118 247 9 139 75
曹休 10 488 5 0 51 52 53 59 287 282 176 268 138 127 117 156 273
张燕 10 437 5 0 237 238 235 265 182 111 204 163 71 76 104 270 96
张绣 12 480 5 0 94 93 96 82 54 231 132 19 106 4 181 226 236
朱灵 8 510 6 0 30 29 32 33 276 141 281 117 93 181 60 62 63
路昭 10 493 7 0 263 264 265 44 47 135 252 203 91 290 107 272 197
史涣 11 513 6 0 107 108 109 155 257 187 290 134 127 242 263 179 268
韩浩 10 445 5 0 157 158 155 109 140 217 83 35 72 297 298 267 29
王凌 5 426 6 0 139 140 141 171 101 143 245 68 9 241 240 95 192
孙礼 9 506 6 0 24 23 22 72 5 86 228 173 37 91 16 127 145
秦朗 8 583 6 0 255 256 257 227 216 186 49 221 277 158 152 153 140
郑文 11 510 6 0 268 267 266 208 207 298 145 51 196 134 205 93 107
夏侯尚 13 605 6 0 199 200 201 159 234 194 154 87 58 211 40 136 256
毌丘俭 15 535 6 0 92 91 90 80 294 48 74 254 141 179 276 97 126
诸葛诞 8 423 6 0 9 10 7 25 191 245 267 298 139 143 95 100 103
孙乾 11 514 6 0 84 83 82 96 108 133 163 282 31 168 254 65 184
简雍 14 527 5 0 85 86 83 90 109 128 262 238 281 26 12 34 239
糜竺 12 554 6 0 14 13 16 276 20 109 120 125 33 39 151 213 277
糜芳 9 611 6 0 21 22 19 1 87 114 5 96 215 122 221 246 101
庞统 11 529 6 0 67 68 69 282 18 191 269 177 239 7 294 184 12
法正 11 546 6 0 78 77 80 98 82 172 209 128 248 141 110 87 283
许靖 11 534 6 0 112 111 110 88 148 105 279 91 109 20 141 1 41
马良 3 441 6 0 240 239 238 244 196 13 222 246 102 164 139 295 164
徐庶 12 601 5 0 161 162 159 105 22 266 90 225 126 256 3 99 11
陈震 10 435 6 0 267 268 269 207 282 220 9 297 192 208 175 157 104
杨仪 14 511 6 0 239 240 241 243 179 120 177 281 67 273 290 7 85
费祎 10 536 6 0 42 41 44 54 289 52 203 89 129 278 286 142 238
蒋琬 10 476 6 0 287 288 289 231 51 297 131 29 147 217 83 66 244
孟优 10 536 6 0 238 237 240 266 167 233 91 85 227 248 41 26 42
黄皓 12 499 6 0 134 133 136 142 229 75 66 107 178 268 59 205 250
诸葛亮 10 484 6 0 163 164 165 191 83 276 84 237 66 71 168 232 156
关羽 11 586 6 0 206 205 208 193 154 123 57 70 77 277 153 40 23
张飞 8 555 6 0 33 34 31 30 90 81 184 39 14 210 284 57 89
马超 6 397 7 0 202 201 204 146 164 108 175 72 257 221 246 245 191
黄忠 8 487 6 0 159 160 161 199 285 115 210 36 111 274 173 4 181
赵云 7 500 7 0 217 218 215 222 242 157 236 7 55 287 155 203 98
魏延 13 596 6 0 165 166 163 173 40 256 216 114 186 5 224 251 3
关平 9 498 7 0 145 146 143 141 37 155 268 34 273 156 226 148 24
周仓 10 495 6 0 226 225 228 210 270 242 103 171 18 293 145 94 189
关兴 10 542 6 0 56 55 54 64 29 36 110 37 188 133 223 286 82
张苞 8 483 6 0 10 9 12 260 160 102 178 31 285 296 167 182 185
陈到 9 494 6 0 207 208 209 267 268 144 55 17 185 36 150 253 203
李严 13 688 5 0 69 70 67 49 212 174 183 200 50 114 186 266 136
姜维 9 574 6 0 109 110 107 157 85 14 172 20 112 142 123 216 252
廖化 8 495 7 0 180 179 178 152 244 46 181 269 144 59 253 45 36
马谡 10 608 6 0 122 121 124 129 126 183 87 277 225 21 289 221 271
马岱 6 403 5 0 295 296 297 76 254 219 191 245 175 118 222 240 167
陈式 10 568 6 0 153 154 151 138 70 77 265 224 234 58 206 255 57
雷铜 10 541 5 0 294 293 296 55 92 253 273 76 34 254 67 79 151
吴兰 10 402 6 0 101 102 99 17 139 71 192 115 221 35 88 96 21
王平 8 485 7 0 232 231 230 288 149 204 156 285 253 178 197 163 106
任夔 11 551 7 0 160 159 158 200 10 76 179 26 110 223 248 129 28
张翼 6 493 6 0 274 273 276 254 73 103 229 13 181 159 148 36 210
马忠 9 488 7 0 148 147 146 120 112 16 8 41 4 47 274 145 178
张南 13 467 5 0 170 169 172 178 89 173 190 111 231 177 25 18 224
冯习 11 549 6 0 291 292 293 235 227 171 44 286 38 276 54 70 91
傅佥 13 573 6 0 64 63 62 56 236 150 224 233 193 120 213 214 81
关索 6 536 7 0 173 174 171 165 135 170 260 24 210 140 159 190 152
陆逊 14 646 6 0 126 125 128 133 122 250 266 265 161 279 209 200 92
张昭 13 492 6 0 186 185 188 218 269 255 211 5 165 225 69 171 1
张紘 15 534 6 0 141 142 139 145 224 30 248 290 92 78 112 81 97
鲁肃 12 568 6 0 289 290 287 233 42 149 152 121 137 169 122 211 123
虞翻 12 521 6 0 250 249 252 190 39 126 271 2 283 54 1 174 134
顾雍 13 545 6 0 129 130 127 122 185 154 292 142 42 87 261 160 248
诸葛谨 13 567 6 0 81 82 79 93 57 33 214 251 209 230 120 141 64
诸葛恪 11 553 6 0 28 27 26 12 183 203 125 90 61 252 82 172 160
陆凯 11 450 5 0 293 294 291 43 194 281 17 100 275 226 66 83 221
骆统 10 426 6 0 104 103 102 48 192 257 286 273 176 29 237 143 267
周鲂 9 483 6 0 296 295 294 292 128 117 219 55 258 10 13 178 83
周瑜 7 537 6 0 264 263 262 6 26 119 195 57 151 90 39 48 245
吕蒙 9 471 7 0 149 150 147 61 232 289 43 4 242 45 244 13 275
甘宁 8 554 7 0 89 90 87 113 170 15 93 42 105 201 133 82 33
太史慈 20 667 5 0 200 199 198 160 120 50 256 69 114 136 266 126 279
程普 14 542 6 0 110 109 112 73 65 182 56 172 160 128 78 120 195
黄盖 9 456 5 0 72 71 70 24 203 158 18 202 157 219 80 258 257
韩当 15 673 6 0 50 49 52 70 15 200 213 58 69 224 136 22 114
周泰 5 470 6 0 167 168 169 175 238 63 272 138 8 80 10 98 295
蒋钦 6 440 6 0 247 248 249 223 259 116 218 71 19 95 118 191 235
丁奉 11 626 6 0 5 6 3 216 24 7 21 186 211 165 256 55 265
徐盛 9 468 6 0 13 14 11 29 121 240 111 274 177 259 296 149 297
陈武 7 536 6 0 98 97 100 78 174 121 234 228 115 246 105 167 217
凌操 12 482 6 0 187 188 189 259 231 107 71 127 45 52 55 244 124
凌统 7 444 6 0 298 297 1 257 116 268 108 9 246 176 157 229 32
潘璋 14 571 6 0 120 119 118 148 200 239 14 183 223 64 81 110 15
朱然 15 636 6 0 266 265 268 238 249 161 126 40 256 97 200 69 22
孙桓 12 544 6 0 90 89 92 85 33 53 161 28 228 264 130 169 278
马忠 16 577 6 0 114 113 116 117 261 21 6 165 200 69 230 15 50
孙韶 10 539 6 0 151 152 153 63 137 184 40 214 264 234 14 281 294
朱桓 15 570 7 0 22 21 24 2 161 162 123 256 265 154 49 50 266
夏恂 8 480 6 0 182 181 184 214 237 110 285 241 262 117 19 10 73
周平 10 558 6 0 57 58 55 65 81 213 206 264 284 2 234 33 153
全琮 12 547 6 0 193 194 191 206 225 272 48 61 64 243 292 54 169
于诠 13 537 6 0 87 88 89 277 21 190 122 199 15 129 227 78 261
张角 8 427 7 0 219 220 221 179 63 295 296 229 222 72 191 175 138
何进 8 552 6 0 284 283 282 272 256 216 70 195 57 228 33 234 2
董卓 3 381 7 0 164 163 162 192 202 198 75 116 68 240 43 17 240
袁绍 12 529 6 0 79 80 81 91 76 290 254 242 16 135 278 294 292
吕布 10 449 6 0 146 145 148 202 147 131 208 83 100 191 44 138 108
袁术 10 505 6 0 269 270 267 286 186 208 67 180 36 105 132 189 62
刘表 10 552 6 0 130 129 132 121 277 189 162 223 62 194 90 77 234
刘璋 10 507 5 0 62 61 64 150 19 39 215 82 130 119 184 30 269
马腾 9 519 6 0 93 94 91 81 168 181 89 25 30 111 26 268 132
张鲁 14 591 5 0 128 127 126 116 296 85 243 78 97 110 169 154 233
韩遂 10 478 6 0 244 243 242 240 180 4 26 74 156 113 149 187 287
公孙瓒 11 633 6 0 225 226 223 230 193 97 124 161 122 186 162 265 285
韩馥 7 461 6 0 80 79 78 92 52 8 116 95 241 167 72 75 204
刘岱 13 587 6 0 3 4 5 297 45 136 38 99 233 49 161 23 165
王匡 8 475 7 0 73 74 71 110 274 175 76 18 29 218 4 46 182
张邈 6 439 6 0 191 192 193 163 9 67 295 288 108 146 219 247 202
孔伷 9 495 6 0 259 260 261 187 247 156 147 178 74 13 71 117 155
陶谦 10 590 6 0 88 87 86 112 278 212 121 216 195 131 101 115 162
鲍信 6 475 5 0 47 48 49 103 263 275 86 181 43 148 204 241 100
桥瑁 8 531 7 0 135 136 137 143 173 263 205 63 133 79 188 16 105
袁遗 8 504 6 0 60 59 58 52 119 138 54 16 124 63 30 37 45
孔融 6 509 7 0 262 261 264 270 275 55 85 156 182 46 185 280 37
张超 8 452 6 0 76 75 74 295 79 160 73 294 288 237 100 260 44
张杨 13 531 6 0 276 275 274 14 30 163 227 209 26 291 92 38 290
刘度 12 503 6 0 121 122 119 130 13 98 88 289 41 124 34 282 174
赵范 6 455 6 0 100 99 98 124 8 185 113 293 146 258 76 9 47
金旋 9 547 7 0 39 40 41 35 250 62 137 33 2 14 264 283 215
韩玄 7 522 6 0 111 112 113 278 123 237 13 170 159 93 48 132 246
张宝 10 437 6 0 29 30 27 13 56 17 150 287 73 104 147 103 157
张梁 7 423 6 0 118 117 120 125 222 229 253 143 95 295 247 192 220
程远志 9 543 6 0 27 28 29 11 34 59 198 133 63 174 201 231 48
邓茂 12 477 6 0 236 235 234 220 64 286 217 227 150 272 171 273 94
马元义 10 491 6 0 71 72 73 23 31 101 187 247 237 163 259 59 168
赵弘 11 539 6 0 133 134 131 126 155 84 242 27 135 56 89 53 227
韩忠 12 538 6 0 292 291 290 296 252 152 129 280 201 183 193 195 79
孙夏 8 391 7 0 175 176 177 167 253 73 202 32 295 192 267 219 143
管亥 10 558 6 0 234 233 236 290 199 188 98 77 153 151 57 284 130
何仪 9 517 6 0 132 131 130 140 172 26 94 59 249 205 269 111 93
刘辟 12 581 6 0 183 184 185 195 28 122 69 120 169 292 194 162 99
龚都 11 599 6 0 40 39 38 36 165 215 151 266 279 99 199 206 61
裴元绍 10 480 6 0 156 155 154 108 188 259 232 262 244 145 113 51 163
高升 9 548 6 0 231 232 233 287 187 94 11 275 170 281 119 27 216
张闿 10 471 7 0 66 65 68 58 44 74 134 75 163 8 293 287 46
韩暹 10 490 6 0 59 60 61 51 105 27 188 132 12 180 134 71 208
李乐 11 420 6 0 221 222 219 258 243 197 140 255 101 202 21 122 293
杨奉 7 399 5 0 102 101 104 18 246 10 220 210 240 245 17 222 119
董承 8 545 6 0 2 1 4 22 272 223 189 250 39 57 228 105 284
王子服 11 541 6 0 227 228 229 255 291 34 276 236 238 38 87 248 133
李儒 13 597 6 0 166 165 168 174 189 49 58 211 224 96 265 209 251
陈宫 8 491 5 0 181 182 179 213 171 93 180 47 274 30 94 197 159
田丰 10 493 6 0 197 198 195 245 201 221 96 260 83 285 232 181 263
沮授 13 529 5 0 38 37 40 46 43 20 3 23 291 227 97 276 179
审配 12 431 6 0 285 286 283 19 159 168 182 232 10 197 208 35 225
许攸 10 523 6 0 254 253 256 274 295 35 79 92 282 294 84 124 26
郭图 11 527 6 0 12 11 10 28 210 196 63 230 59 1 85 223 67
逢纪 5 446 6 0 75 76 77 131 35 134 164 66 116 235 176 80 95
辛评 10 528 6 0 16 15 14 8 49 148 275 60 79 125 24 135 201
荀谌 8 514 6 0 280 279 278 252 86 210 185 292 142 249 37 262 177
辛毗 8 460 6 0 44 43 42 263 66 176 291 45 52 196 146 108 76
陈登 12 577 6 0 211 212 213 203 190 58 186 166 5 199 214 289 230
蒯良 14 584 6 0 233 234 231 289 195 238 212 64 3 251 15 11 128
王累 7 424 5 0 220 219 218 236 273 267 102 192 158 103 288 68 118
韩胤 12 498 6 0 205 206 203 194 241 283 135 54 20 132 268 134 34
沮鹄 13 523 5 0 1 2 298 21 61 106 174 278 125 12 250 112 186
杨弘 13 589 7 0 251 252 253 279 144 41 278 81 271 233 212 165 166
阎象 10 503 6 0 189 190 187 249 166 130 2 124 172 203 272 269 226
蒯越 8 535 7 0 105 106 103 161 59 112 261 86 89 269 98 2 135
伍孚 12 554 6 0 277 278 275 87 130 265 77 122 255 206 216 194 14
李傕 8 417 6 0 143 144 145 135 103 139 288 118 270 9 245 104 175
郭汜 9 483 7 0 178 177 180 170 204 179 10 259 134 232 46 296 148
颜良 10 489 6 0 168 167 166 176 93 285 20 253 218 84 163 106 71
文丑 14 548 6 0 54 53 56 42 94 61 60 205 230 250 291 193 137
潘凤 10 486 6 0 208 207 206 268 218 269 146 131 171 267 285 113 59
俞涉 14 560 5 0 137 138 135 154 151 214 39 123 289 61 172 230 54
武安国 9 428 6 0 116 115 114 128 298 247 80 164 75 229 258 288 176
穆顺 11 490 5 0 74 73 76 45 32 66 92 244 259 34 106 242 18
华雄 4 478 6 0 241 242 239 229 205 25 52 182 80 139 235 47 43
牛辅 10 453 5 0 108 107 106 156 84 202 298 176 191 83 52 44 146
张济 7 494 6 0 117 118 115 114 248 296 144 30 113 182 51 259 150
樊稠 13 487 6 0 31 32 33 281 71 248 45 10 84 65 7 25 171
胡轸 11 603 6 0 61 62 59 149 1 54 97 193 28 137 99 256 40
胡车儿 11 554 6 0 70 69 72 50 153 228 284 206 214 213 195 291 172
李肃 7 426 6 0 288 287 286 232 4 32 143 191 76 147 220 116 218
高顺 9 553 6 0 215 216 217 20 283 40 62 49 21 77 58 91 39
张任 4 528 6 0 190 189 192 250 211 87 170 152 82 115 140 173 17
高览 11 492 6 0 25 26 23 9 53 241 194 93 272 282 170 31 65
曹性 11 583 6 0 214 213 216 182 184 137 81 151 70 265 211 64 58
闵纯 10 523 5 0 282 281 284 67 267 51 171 84 254 25 177 121 188
纪灵 10 497 7 0 249 250 247 189 266 252 19 194 132 280 127 63 272
马休 11 594 5 0 23 24 25 71 11 99 230 38 278 162 6 3 206
马铁 10 437 5 0 96 95 94 84 68 192 197 21 131 166 271 101 237
高览 8 425 6 0 103 104 105 47 143 274 226 257 35 220 270 29 9
袁谭 12 566 7 0 123 124 125 99 111 206 22 137 152 261 109 212 289
袁熙 9 426 6 0 229 230 227 241 134 118 274 219 235 116 32 298 158
袁尚 11 486 6 0 253 254 251 273 175 294 118 168 232 150 180 207 242
高干 8 389 5 0 246 245 248 198 102 260 115 240 298 98 202 21 111
麴义 6 537 6 0 152 151 150 180 97 292 289 190 123 82 255 140 173
吕翔 13 604 6 0 209 210 207 201 136 11 78 276 81 15 126 166 6
吕旷 11 532 6 0 125 126 123 118 142 82 28 14 1 16 144 290 223
韩猛 10 486 6 0 273 274 271 253 220 45 294 104 145 239 86 236 51
淳于琼 11 457 6 0 18 17 20 102 67 83 72 73 226 171 35 170 74
焦触 9 520 6 0 127 128 129 115 91 95 270 187 107 51 249 24 144
张南 11 541 6 0 20 19 18 215 14 38 168 109 205 112 91 261 53
马延 12 569 6 0 230 229 232 225 286 261 23 12 54 81 114 137 211
雷薄 10 571 6 0 194 193 196 205 293 199 25 249 261 130 183 277 212
张勋 10 456 6 0 52 51 50 60 80 42 241 155 44 187 108 147 131
陈纪 10 471 6 0 113 114 111 89 46 222 100 106 117 244 156 208 260
桥蕤 12 570 6 0 213 214 211 181 228 57 50 15 53 70 64 14 49
郝萌 9 464 6 0 198 197 200 246 131 164 27 46 17 19 275 297 196
侯成 11 536 5 0 41 42 39 53 55 251 65 148 121 48 238 144 112
宋宪 12 470 6 0 86 85 88 34 280 24 47 105 46 275 273 131 147
魏续 10 600 6 0 271 272 273 283 169 195 250 11 251 212 96 224 122
成廉 14 587 6 0 243 244 245 239 221 279 128 144 174 193 11 49 154
蔡瑁 14 536 7 0 195 196 197 183 233 271 264 284 88 216 70 292 110
张允 10 544 6 0 82 81 84 94 78 125 223 62 190 152 28 89 56
黄祖 10 576 7 0 162 161 164 106 58 22 130 279 154 23 225 183 88
苏飞 10 552 6 0 281 282 279 31 245 293 30 239 85 231 283 151 77
吕公 12 549 5 0 169 170 167 177 271 278 136 119 183 289 128 90 193
侯选 9 439 6 0 176 175 174 168 235 44 51 108 104 298 75 218 116
程银 10 459 6 0 131 132 133 75 198 146 287 208 96 88 260 86 52
李堪 6 530 6 0 37 38 35 26 145 201 106 56 24 188 280 60 262
张横 11 541 7 0 53 54 51 41 25 90 119 201 213 283 142 133 20
梁兴 6 482 7 0 4 3 2 275 288 244 196 149 148 94 73 159 19
成宜 10 473 6 0 46 45 48 38 113 180 36 198 86 262 178 73 66
马玩 11 570 7 0 58 57 60 66 162 211 166 50 199 153 215 252 214
杨秋 12 421 6 0 270 269 272 262 226 235 127 258 143 32 103 237 35
张让 9 441 6 0 257 258 255 298 107 104 35 103 202 222 218 32 72
赵忠 12 496 5 0 124 123 122 100 223 19 225 189 60 121 63 254 187
封谞 14 580 6 0 15 16 17 7 50 89 99 213 87 209 233 114 120
段珪 8 498 6 0 45 46 43 74 3 273 31 44 187 149 203 180 60
曹节 12 433 6 0 35 36 37 39 75 254 257 157 103 101 18 285 270
侯览 7 443 5 0 218 217 220 186 208 258 247 222 168 73 257 176 288
蹇硕 11 501 6 0 65 66 63 57 110 43 41 150 7 31 242 84 25
程旷 7 450 6 0 258 257 260 221 177 218 32 270 296 100 116 72 8
夏恽 6 546 6 0 119 120 121 147 60 264 53 169 184 62 231 158 102
郭胜 10 518 6 0 188 187 186 172 156 234 59 185 56 37 135 177 282
吕伯奢 8 519 6 0 177 178 175 169 258 142 239 67 13 170 282 188 280
普净 10 576 5 0 212 211 210 204 69 88 233 136 11 271 251 123 194
华佗 9 385 6 0 115 116 117 127 297 159 246 101 98 190 158 88 68
于吉 9 483 5 0 83 84 85 95 163 18 157 146 197 108 287 293 296
左慈 4 466 6 0 43 44 45 293 38 65 149 8 47 68 164 235 241
吉平 8 481 7 0 185 186 183 158 129 100 280 188 207 17 262 210 10
