1 200 97 2 
2 266 233 2 
3 114 279 1 
4 69 165 2 
5 251 120 3 
6 92 110 2 
7 195 186 1 
8 50 154 1 
9 6 161 1 
10 81 137 2 
11 123 54 2 
12 129 90 1 
13 38 174 3 
14 31 239 1 
15 171 7 1 
16 126 136 1 
17 224 199 1 
18 265 15 3 
19 243 166 1 
20 22 3 2 
21 141 14 1 
22 290 169 2 
23 292 179 2 
24 34 107 2 
25 205 236 2 
26 55 285 3 
27 270 128 3 
28 209 214 1 
29 88 23 3 
30 230 64 1 
31 49 289 2 
32 213 261 2 
33 211 291 3 
34 234 28 1 
35 283 277 3 
36 87 276 1 
37 112 85 1 
38 248 133 3 
39 12 134 3 
40 67 187 1 
41 71 74 1 
42 226 253 2 
43 170 35 2 
44 147 101 3 
45 256 146 2 
46 61 183 2 
47 160 99 1 
48 58 216 2 
49 70 78 2 
50 193 91 2 
51 281 53 3 
52 227 215 3 
53 223 1 1 
54 82 127 1 
55 254 132 2 
56 84 26 1 
57 188 65 3 
58 121 269 2 
59 208 124 1 
60 51 94 1 
61 86 156 2 
62 66 297 1 
63 113 52 2 
64 157 96 1 
65 116 267 3 
66 271 225 1 
67 11 172 2 
68 278 212 3 
69 194 294 1 
70 89 130 3 
71 238 20 1 
72 79 41 3 
73 27 151 1 
74 250 16 1 
75 25 59 1 
76 259 272 2 
77 197 273 3 
78 263 168 1 
79 207 249 2 
80 244 83 1 
81 36 178 2 
82 275 182 2 
83 293 72 3 
84 221 115 2 
85 5 158 3 
86 40 140 2 
87 122 206 1 
88 109 153 3 
89 162 57 3 
90 125 231 2 
91 39 201 1 
92 135 42 2 
93 142 282 2 
94 268 2 1 
95 184 144 1 
96 111 242 3 
97 189 24 3 
98 280 62 3 
99 148 163 3 
100 287 10 1 
101 185 18 3 
102 131 196 1 
103 237 108 3 
104 176 76 1 
105 257 29 1 
106 218 104 3 
107 9 220 2 
108 143 68 1 
109 56 252 1 
110 77 33 3 
111 105 93 1 
112 37 150 1 
113 155 60 1 
114 63 45 2 
115 203 232 2 
116 106 159 1 
117 296 260 1 
118 149 46 2 
119 44 32 1 
120 138 298 3 
121 80 102 1 
122 175 21 1 
123 264 152 3 
124 48 177 1 
125 145 30 3 
126 210 181 1 
127 4 198 2 
128 13 8 1 
129 204 103 3 
130 235 288 1 
131 229 222 3 
132 219 118 3 
133 255 246 3 
134 286 284 2 
135 119 98 2 
136 262 217 3 
137 117 180 1 
138 73 100 2 
139 258 47 1 
140 191 139 3 
141 245 192 3 
142 202 173 1 
143 19 167 3 
144 274 75 3 
145 228 17 3 
146 43 247 2 
147 240 190 1 
148 241 295 3 
149 95 164 1 
