荀彧 4 17 1 0 171 172 173 139 181 291
荀攸 4 24 2 0 265 266 263 237 77 277
贾诩 5 19 2 0 278 277 280 111 88 169
郭嘉 5 16 2 0 136 135 134 144 209 3
程昱 1 29 3 0 210 209 212 226 12 280
戏志才 2 24 2 0 275 276 277 4 262 47
刘晔 5 16 1 0 11 12 13 27 23 209
蒋济 2 20 2 0 55 56 57 294 41 262
陈群 3 16 3 0 155 156 157 107 133 145
华歆 3 14 5 0 192 191 190 164 104 96
钟繇 2 19 2 0 17 18 15 101 290 29
满宠 4 21 3 0 154 153 156 137 206 129
董昭 3 14 2 0 297 298 295 3 115 287
王朗 3 22 2 0 203 204 205 211 72 28
崔琰 3 21 3 0 138 137 140 153 106 60
毛玠 1 18 3 0 158 157 160 185 95 72
杜畿 3 19 2 0 26 25 28 37 264 132
田畴 3 18 2 0 147 148 149 119 146 91
王修 4 27 2 0 49 50 47 69 16 166
杨修 3 22 2 0 106 105 108 162 138 1
辛毗 4 25 3 0 216 215 214 5 255 284
杨阜 2 23 3 0 36 35 34 40 150 56
田豫 2 13 3 0 260 259 258 10 7 246
王粲 4 22 3 0 184 183 182 196 214 151
蒯越 3 22 3 0 252 251 250 280 292 249
张继 4 24 3 0 77 78 75 97 265 153
杜袭 5 14 2 0 279 280 281 251 99 243
枣祗任峻 2 27 3 0 228 227 226 256 213 70
陈矫 4 16 3 0 261 262 259 242 114 230
郗虑 3 25 2 0 223 224 225 247 124 2
桓玠 3 20 3 0 142 141 144 134 125 177
丁仪 5 20 4 0 174 173 176 166 98 69
丁廙 5 19 2 0 97 98 95 77 152 225
司马朗 4 18 2 0 34 33 36 86 27 227
韩暨 6 14 3 0 6 5 8 264 48 224
韦康 1 22 2 0 235 236 237 291 176 270
邴原 5 17 3 0 172 171 170 188 132 78
赵俨 0 20 2 0 245 246 243 197 281 9
娄圭 3 20 1 0 63 64 65 151 219 167
贾逵 3 19 3 0 201 202 199 209 197 37
陈琳 0 26 3 0 8 7 6 16 100 80
司马懿 2 18 3 0 144 143 142 136 251 207
张辽 4 15 3 0 248 247 246 224 117 31
徐晃 3 23 3 0 196 195 194 184 240 12
夏侯惇 4 14 4 0 286 285 288 269 230 236
夏侯渊 1 15 4 0 140 139 138 132 157 68
庞德 4 10 2 0 7 8 9 15 260 5
张郃 6 16 2 0 224 223 222 248 141 6
李典 4 16 2 0 290 289 292 234 17 79
乐进 1 15 3 0 68 67 66 32 96 140
典韦 3 18 2 0 91 92 93 79 127 147
曹洪 3 24 2 0 19 20 21 285 62 124
曹仁 1 20 3 0 32 31 30 68 74 288
曹彰 6 21 3 0 256 255 254 228 284 165
曹纯 5 15 2 0 99 100 101 123 279 23
于禁 3 19 3 0 242 241 244 261 217 226
许褚 1 25 3 0 222 221 224 217 118 113
吕虔 4 18 4 0 150 149 152 62 36 64
李通 4 22 3 0 283 284 285 271 215 205
文聘 3 21 2 0 272 271 270 284 2 193
臧霸 2 19 3 0 204 203 202 212 178 232
郭淮 4 14 1 0 179 180 181 219 239 178
钟会 4 16 3 0 48 47 46 104 6 92
邓艾 1 19 2 0 95 96 97 83 158 127
曹休 3 16 2 0 51 52 53 59 287 282
张燕 2 22 2 0 237 238 235 265 182 111
张绣 3 19 3 0 94 93 96 82 54 231
朱灵 4 16 2 0 30 29 32 33 276 141
路昭 4 22 2 0 263 264 265 44 47 135
史涣 3 18 1 0 107 108 109 155 257 187
韩浩 3 15 3 0 157 158 155 109 140 217
王凌 0 21 2 0 139 140 141 171 101 143
孙礼 1 27 3 0 24 23 22 72 5 86
秦朗 4 28 2 0 255 256 257 227 216 186
郑文 2 18 3 0 268 267 266 208 207 298
夏侯尚 4 21 2 0 199 200 201 159 234 194
毌丘俭 4 16 4 0 92 91 90 80 294 48
诸葛诞 0 19 2 0 9 10 7 25 191 245
孙乾 3 17 2 0 84 83 82 96 108 133
简雍 4 16 2 0 85 86 83 90 109 128
糜竺 4 17 2 0 14 13 16 276 20 109
糜芳 5 25 3 0 21 22 19 1 87 114
庞统 2 19 2 0 67 68 69 282 18 191
法正 5 18 2 0 78 77 80 98 82 172
许靖 4 20 3 0 112 111 110 88 148 105
马良 1 26 3 0 240 239 238 244 196 13
徐庶 5 22 3 0 161 162 159 105 22 266
陈震 1 17 2 0 267 268 269 207 282 220
杨仪 4 18 2 0 239 240 241 243 179 120
费祎 2 23 2 0 42 41 44 54 289 52
蒋琬 3 14 1 0 287 288 289 231 51 297
孟优 5 17 2 0 238 237 240 266 167 233
黄皓 1 24 2 0 134 133 136 142 229 75
诸葛亮 4 17 2 0 163 164 165 191 83 276
关羽 4 21 3 0 206 205 208 193 154 123
张飞 4 23 2 0 33 34 31 30 90 81
马超 1 19 4 0 202 201 204 146 164 108
黄忠 0 27 2 0 159 160 161 199 285 115
赵云 3 16 2 0 217 218 215 222 242 157
魏延 6 23 3 0 165 166 163 173 40 256
关平 3 16 3 0 145 146 143 141 37 155
周仓 3 19 2 0 226 225 228 210 270 242
关兴 2 23 3 0 56 55 54 64 29 36
张苞 2 13 3 0 10 9 12 260 160 102
陈到 2 19 2 0 207 208 209 267 268 144
李严 5 20 3 0 69 70 67 49 212 174
姜维 4 17 3 0 109 110 107 157 85 14
廖化 1 24 3 0 180 179 178 152 244 46
马谡 5 21 1 0 122 121 124 129 126 183
马岱 1 20 2 0 295 296 297 76 254 219
陈式 4 24 3 0 153 154 151 138 70 77
雷铜 2 18 3 0 294 293 296 55 92 253
吴兰 2 18 3 0 101 102 99 17 139 71
王平 2 19 4 0 232 231 230 288 149 204
任夔 4 13 3 0 160 159 158 200 10 76
张翼 2 19 2 0 274 273 276 254 73 103
马忠 2 23 4 0 148 147 146 120 112 16
张南 2 28 3 0 170 169 172 178 89 173
冯习 4 17 2 0 291 292 293 235 227 171
傅佥 4 18 3 0 64 63 62 56 236 150
关索 2 30 2 0 173 174 171 165 135 170
陆逊 5 21 3 0 126 125 128 133 122 250
张昭 5 13 2 0 186 185 188 218 269 255
张紘 4 16 3 0 141 142 139 145 224 30
鲁肃 2 23 3 0 289 290 287 233 42 149
虞翻 5 22 2 0 250 249 252 190 39 126
顾雍 4 21 2 0 129 130 127 122 185 154
诸葛谨 4 23 3 0 81 82 79 93 57 33
诸葛恪 3 21 3 0 28 27 26 12 183 203
陆凯 2 21 3 0 293 294 291 43 194 281
骆统 3 16 3 0 104 103 102 48 192 257
周鲂 2 17 4 0 296 295 294 292 128 117
周瑜 3 23 2 0 264 263 262 6 26 119
吕蒙 2 23 2 0 149 150 147 61 232 289
甘宁 4 20 2 0 89 90 87 113 170 15
太史慈 6 18 3 0 200 199 198 160 120 50
程普 2 21 3 0 110 109 112 73 65 182
黄盖 1 17 3 0 72 71 70 24 203 158
韩当 6 18 3 0 50 49 52 70 15 200
周泰 3 20 2 0 167 168 169 175 238 63
蒋钦 0 23 2 0 247 248 249 223 259 116
丁奉 3 29 2 0 5 6 3 216 24 7
徐盛 1 26 2 0 13 14 11 29 121 240
陈武 3 25 2 0 98 97 100 78 174 121
凌操 3 18 1 0 187 188 189 259 231 107
凌统 2 18 4 0 298 297 1 257 116 268
潘璋 4 17 3 0 120 119 118 148 200 239
朱然 5 22 4 0 266 265 268 238 249 161
孙桓 4 23 4 0 90 89 92 85 33 53
马忠 6 9 2 0 114 113 116 117 261 21
孙韶 4 22 2 0 151 152 153 63 137 184
朱桓 5 22 2 0 22 21 24 2 161 162
夏恂 2 22 2 0 182 181 184 214 237 110
周平 4 23 2 0 57 58 55 65 81 213
全琮 3 21 2 0 193 194 191 206 225 272
于诠 3 29 2 0 87 88 89 277 21 190
张角 1 20 2 0 219 220 221 179 63 295
何进 4 24 4 0 284 283 282 272 256 216
董卓 1 23 2 0 164 163 162 192 202 198
袁绍 4 16 2 0 79 80 81 91 76 290
吕布 3 17 2 0 146 145 148 202 147 131
袁术 3 16 3 0 269 270 267 286 186 208
刘表 4 23 2 0 130 129 132 121 277 189
刘璋 3 26 3 0 62 61 64 150 19 39
马腾 2 22 2 0 93 94 91 81 168 181
张鲁 4 15 3 0 128 127 126 116 296 85
韩遂 3 20 4 0 244 243 242 240 180 4
公孙瓒 5 19 3 0 225 226 223 230 193 97
韩馥 0 26 4 0 80 79 78 92 52 8
刘岱 5 16 2 0 3 4 5 297 45 136
王匡 2 16 2 0 73 74 71 110 274 175
张邈 2 19 3 0 191 192 193 163 9 67
孔伷 2 20 3 0 259 260 261 187 247 156
陶谦 5 20 3 0 88 87 86 112 278 212
鲍信 2 24 2 0 47 48 49 103 263 275
桥瑁 4 22 1 0 135 136 137 143 173 263
袁遗 3 21 3 0 60 59 58 52 119 138
孔融 2 21 2 0 262 261 264 270 275 55
张超 4 13 3 0 76 75 74 295 79 160
张杨 4 17 2 0 276 275 274 14 30 163
刘度 3 25 3 0 121 122 119 130 13 98
赵范 2 24 3 0 100 99 98 124 8 185
金旋 3 26 2 0 39 40 41 35 250 62
韩玄 2 22 2 0 111 112 113 278 123 237
张宝 2 19 3 0 29 30 27 13 56 17
张梁 1 22 3 0 118 117 120 125 222 229
程远志 2 23 1 0 27 28 29 11 34 59
邓茂 4 14 4 0 236 235 234 220 64 286
马元义 2 18 2 0 71 72 73 23 31 101
赵弘 3 17 3 0 133 134 131 126 155 84
韩忠 3 22 4 0 292 291 290 296 252 152
孙夏 2 17 2 0 175 176 177 167 253 73
管亥 2 27 3 0 234 233 236 290 199 188
何仪 3 19 3 0 132 131 130 140 172 26
刘辟 5 21 2 0 183 184 185 195 28 122
龚都 4 23 3 0 40 39 38 36 165 215
裴元绍 2 19 3 0 156 155 154 108 188 259
高升 3 20 2 0 231 232 233 287 187 94
张闿 3 18 3 0 66 65 68 58 44 74
韩暹 2 23 2 0 59 60 61 51 105 27
李乐 3 11 2 0 221 222 219 258 243 197
杨奉 2 14 2 0 102 101 104 18 246 10
董承 3 24 2 0 2 1 4 22 272 223
王子服 4 18 2 0 227 228 229 255 291 34
李儒 4 27 2 0 166 165 168 174 189 49
陈宫 2 22 3 0 181 182 179 213 171 93
田丰 3 13 2 0 197 198 195 245 201 221
沮授 4 19 2 0 38 37 40 46 43 20
审配 2 23 2 0 285 286 283 19 159 168
许攸 3 19 1 0 254 253 256 274 295 35
郭图 3 23 3 0 12 11 10 28 210 196
逢纪 1 24 1 0 75 76 77 131 35 134
辛评 2 23 4 0 16 15 14 8 49 148
荀谌 1 28 3 0 280 279 278 252 86 210
辛毗 3 18 3 0 44 43 42 263 66 176
陈登 5 25 2 0 211 212 213 203 190 58
蒯良 5 17 2 0 233 234 231 289 195 238
王累 1 16 2 0 220 219 218 236 273 267
韩胤 4 22 2 0 205 206 203 194 241 283
沮鹄 3 22 1 0 1 2 298 21 61 106
杨弘 4 19 2 0 251 252 253 279 144 41
阎象 4 23 3 0 189 190 187 249 166 130
蒯越 4 20 3 0 105 106 103 161 59 112
伍孚 4 24 3 0 277 278 275 87 130 265
李傕 0 21 2 0 143 144 145 135 103 139
郭汜 4 14 2 0 178 177 180 170 204 179
颜良 2 22 3 0 168 167 166 176 93 285
文丑 5 17 2 0 54 53 56 42 94 61
潘凤 3 16 2 0 208 207 206 268 218 269
俞涉 4 23 2 0 137 138 135 154 151 214
武安国 0 22 2 0 116 115 114 128 298 247
穆顺 3 18 4 0 74 73 76 45 32 66
华雄 2 21 3 0 241 242 239 229 205 25
牛辅 1 19 3 0 108 107 106 156 84 202
张济 2 17 4 0 117 118 115 114 248 296
樊稠 4 15 2 0 31 32 33 281 71 248
胡轸 5 17 3 0 61 62 59 149 1 54
胡车儿 2 27 3 0 70 69 72 50 153 228
李肃 1 21 3 0 288 287 286 232 4 32
高顺 4 24 2 0 215 216 217 20 283 40
张任 3 27 2 0 190 189 192 250 211 87
高览 2 21 3 0 25 26 23 9 53 241
曹性 4 22 3 0 214 213 216 182 184 137
闵纯 3 16 2 0 282 281 284 67 267 51
纪灵 3 22 2 0 249 250 247 189 266 252
马休 5 15 1 0 23 24 25 71 11 99
马铁 3 14 4 0 96 95 94 84 68 192
高览 2 19 2 0 103 104 105 47 143 274
袁谭 4 21 3 0 123 124 125 99 111 206
袁熙 1 23 2 0 229 230 227 241 134 118
袁尚 2 18 2 0 253 254 251 273 175 294
高干 2 12 3 0 246 245 248 198 102 260
麴义 3 22 3 0 152 151 150 180 97 292
吕翔 5 15 3 0 209 210 207 201 136 11
吕旷 3 23 3 0 125 126 123 118 142 82
韩猛 3 15 3 0 273 274 271 253 220 45
淳于琼 2 18 1 0 18 17 20 102 67 83
焦触 1 19 2 0 127 128 129 115 91 95
张南 4 19 3 0 20 19 18 215 14 38
马延 4 16 2 0 230 229 232 225 286 261
雷薄 4 21 1 0 194 193 196 205 293 199
张勋 2 23 3 0 52 51 50 60 80 42
陈纪 1 25 3 0 113 114 111 89 46 222
桥蕤 4 23 2 0 213 214 211 181 228 57
郝萌 1 23 3 0 198 197 200 246 131 164
侯成 4 19 1 0 41 42 39 53 55 251
宋宪 1 27 4 0 86 85 88 34 280 24
魏续 3 23 2 0 271 272 273 283 169 195
成廉 5 14 1 0 243 244 245 239 221 279
蔡瑁 3 23 1 0 195 196 197 183 233 271
张允 3 23 2 0 82 81 84 94 78 125
黄祖 5 22 3 0 162 161 164 106 58 22
苏飞 2 21 2 0 281 282 279 31 245 293
吕公 5 19 2 0 169 170 167 177 271 278
侯选 3 18 3 0 176 175 174 168 235 44
程银 3 17 1 0 131 132 133 75 198 146
李堪 3 19 2 0 37 38 35 26 145 201
张横 4 23 3 0 53 54 51 41 25 90
梁兴 3 20 4 0 4 3 2 275 288 244
成宜 1 24 3 0 46 45 48 38 113 180
马玩 5 23 3 0 58 57 60 66 162 211
杨秋 1 21 3 0 270 269 272 262 226 235
张让 3 17 2 0 257 258 255 298 107 104
赵忠 3 24 3 0 124 123 122 100 223 19
封谞 4 20 1 0 15 16 17 7 50 89
段珪 3 15 3 0 45 46 43 74 3 273
曹节 3 19 1 0 35 36 37 39 75 254
侯览 1 19 3 0 218 217 220 186 208 258
蹇硕 2 21 3 0 65 66 63 57 110 43
程旷 1 19 4 0 258 257 260 221 177 218
夏恽 3 23 2 0 119 120 121 147 60 264
郭胜 2 24 4 0 188 187 186 172 156 234
吕伯奢 3 20 3 0 177 178 175 169 258 142
普净 5 20 3 0 212 211 210 204 69 88
华佗 1 11 1 0 115 116 117 127 297 159
于吉 2 18 1 0 83 84 85 95 163 18
左慈 2 21 2 0 43 44 45 293 38 65
吉平 2 24 3 0 185 186 183 158 129 100
