1 200 69 1 
2 6 97 2 
3 114 165 1 
4 266 40 2 
5 126 265 2 
6 256 22 2 
7 212 136 3 
8 279 162 2 
9 81 251 1 
10 64 233 2 
11 209 276 1 
12 78 128 3 
13 5 186 2 
14 211 166 2 
15 225 161 3 
16 50 58 1 
17 199 87 3 
18 154 252 1 
19 271 11 2 
20 99 3 3 
21 120 183 2 
22 213 15 3 
23 61 193 3 
24 54 205 1 
25 12 230 3 
26 38 23 1 
27 26 160 2 
28 286 291 3 
29 92 254 1 
30 141 290 1 
31 248 179 2 
32 49 215 1 
33 70 206 1 
34 88 216 3 
35 153 224 3 
36 214 151 1 
37 123 137 3 
38 289 121 1 
39 130 223 3 
40 283 261 2 
41 201 53 2 
42 119 169 3 
43 174 184 1 
44 278 1 2 
45 110 172 1 
46 20 109 2 
47 112 91 2 
48 238 85 1 
49 239 281 1 
50 144 243 3 
51 67 177 1 
52 236 227 3 
53 150 65 3 
54 282 84 2 
55 34 145 2 
56 7 217 1 
57 226 171 2 
58 208 131 2 
59 197 260 3 
60 96 21 2 
61 77 234 2 
62 277 122 3 
63 90 28 3 
64 2 250 3 
65 292 280 1 
66 124 189 2 
67 194 249 1 
68 125 14 1 
69 142 129 3 
70 203 263 3 
71 42 89 1 
72 132 59 3 
73 133 27 2 
74 63 135 2 
75 16 60 2 
76 48 272 3 
77 275 231 2 
78 25 93 1 
79 242 79 2 
80 134 107 2 
81 127 187 2 
82 74 244 2 
83 178 259 2 
84 31 10 1 
85 44 45 2 
86 104 273 3 
87 76 294 3 
88 73 18 3 
89 221 255 2 
90 284 195 3 
91 57 264 3 
92 62 82 1 
93 190 152 3 
94 33 39 2 
95 170 111 1 
96 56 37 2 
97 86 105 2 
98 274 13 3 
99 148 41 3 
100 4 149 3 
101 113 106 2 
102 180 269 1 
103 117 30 2 
104 168 253 2 
105 196 204 1 
106 100 293 3 
107 163 237 2 
108 232 285 2 
109 52 155 1 
110 156 262 1 
111 268 51 1 
112 296 55 3 
113 191 288 2 
114 29 287 2 
115 108 176 2 
116 83 146 1 
117 157 35 3 
118 257 103 3 
119 267 297 2 
120 192 220 2 
121 101 115 1 
122 228 98 1 
123 24 173 1 
124 185 188 3 
125 159 36 2 
126 94 19 1 
127 46 198 1 
128 138 167 2 
129 222 218 3 
130 66 75 1 
131 247 71 3 
132 147 235 1 
133 258 270 2 
134 32 175 1 
135 202 72 2 
136 140 158 3 
137 181 47 1 
138 8 43 1 
139 207 17 2 
140 241 182 3 
141 219 229 2 
142 118 143 3 
143 295 245 2 
144 298 9 1 
145 210 102 1 
146 246 240 1 
147 80 95 2 
148 116 164 1 
149 68 139 3 
