荀彧 7 94 3 0 171 172 173 139 181 291 282 226 208
荀攸 9 127 5 0 265 266 263 237 77 277 153 126 22
贾诩 7 117 4 0 278 277 280 111 88 169 251 1 23
郭嘉 10 131 3 0 136 135 134 144 209 3 169 212 6
程昱 3 135 4 0 210 209 212 226 12 280 159 102 173
戏志才 6 106 4 0 275 276 277 4 262 47 16 231 293
刘晔 8 126 3 0 11 12 13 27 23 209 231 271 212
蒋济 6 96 4 0 55 56 57 294 41 262 207 296 217
陈群 4 107 4 0 155 156 157 107 133 145 34 52 204
华歆 5 87 5 0 192 191 190 164 104 96 101 220 267
钟繇 3 114 4 0 17 18 15 101 290 29 293 207 198
满宠 9 123 4 0 154 153 156 137 206 129 199 252 162
董昭 5 93 4 0 297 298 295 3 115 287 7 267 32
王朗 5 118 4 0 203 204 205 211 72 28 42 263 48
崔琰 4 108 4 0 138 137 140 153 106 60 142 167 51
毛玠 5 78 5 0 158 157 160 185 95 72 68 140 220
杜畿 8 108 3 0 26 25 28 37 264 132 244 160 276
田畴 5 101 3 0 147 148 149 119 146 91 259 235 287
王修 8 131 4 0 49 50 47 69 16 166 255 215 216
杨修 5 111 4 0 106 105 108 162 138 1 37 113 94
辛毗 8 128 5 0 216 215 214 5 255 284 165 88 49
杨阜 4 117 4 0 36 35 34 40 150 56 46 159 269
田豫 8 88 4 0 260 259 258 10 7 246 173 197 179
王粲 6 120 4 0 184 183 182 196 214 151 33 174 119
蒯越 7 124 4 0 252 251 250 280 292 249 263 154 99
张继 6 137 4 0 77 78 75 97 265 153 277 234 206
杜袭 9 127 4 0 279 280 281 251 99 243 112 162 40
枣祗任峻 5 138 4 0 228 227 226 256 213 70 24 98 90
陈矫 7 123 5 0 261 262 259 242 114 230 105 283 194
郗虑 8 116 4 0 223 224 225 247 124 2 82 130 120
桓玠 5 119 4 0 142 141 144 134 125 177 138 129 280
丁仪 8 115 4 0 174 173 176 166 98 69 1 184 243
丁廙 10 104 5 0 97 98 95 77 152 225 61 6 128
司马朗 7 100 4 0 34 33 36 86 27 227 155 145 294
韩暨 10 120 4 0 6 5 8 264 48 224 114 97 136
韦康 3 102 4 0 235 236 237 291 176 270 95 147 229
邴原 6 116 5 0 172 171 170 188 132 78 109 110 189
赵俨 3 92 4 0 245 246 243 197 281 9 139 295 140
娄圭 6 116 3 0 63 64 65 151 219 167 12 135 27
贾逵 7 122 4 0 201 202 199 209 197 37 283 53 292
陈琳 4 110 4 0 8 7 6 16 100 80 148 43 167
司马懿 6 109 4 0 144 143 142 136 251 207 117 243 180
张辽 8 104 4 0 248 247 246 224 117 31 141 179 78
徐晃 6 102 4 0 196 195 194 184 240 12 4 204 268
夏侯惇 7 106 4 0 286 285 288 269 230 236 104 291 290
夏侯渊 3 70 5 0 140 139 138 132 157 68 221 158 245
庞德 8 99 4 0 7 8 9 15 260 5 297 217 65
张郃 8 134 5 0 224 223 222 248 141 6 64 153 166
李典 7 107 4 0 290 289 292 234 17 79 107 141 286
乐进 1 91 4 0 68 67 66 32 96 140 158 139 164
典韦 7 115 4 0 91 92 93 79 127 147 238 112 263
曹洪 3 113 4 0 19 20 21 285 62 124 249 94 247
曹仁 5 89 4 0 32 31 30 68 74 288 258 175 297
曹彰 9 128 5 0 256 255 254 228 284 165 200 22 266
曹纯 7 125 3 0 99 100 101 123 279 23 15 3 252
于禁 6 109 4 0 242 241 244 261 217 226 133 79 149
许褚 3 101 4 0 222 221 224 217 118 113 240 218 219
吕虔 6 107 5 0 150 149 152 62 36 64 29 65 236
李通 7 120 4 0 283 284 285 271 215 205 201 261 250
文聘 7 110 4 0 272 271 270 284 2 193 167 48 25
臧霸 4 107 5 0 204 203 202 212 178 232 237 196 155
郭淮 8 98 4 0 179 180 181 219 239 178 160 248 260
钟会 5 118 3 0 48 47 46 104 6 92 193 272 203
邓艾 2 107 4 0 95 96 97 83 158 127 235 80 118
曹休 4 107 4 0 51 52 53 59 287 282 176 268 138
张燕 5 103 4 0 237 238 235 265 182 111 204 163 71
张绣 5 113 4 0 94 93 96 82 54 231 132 19 106
朱灵 5 113 4 0 30 29 32 33 276 141 281 117 93
路昭 7 115 4 0 263 264 265 44 47 135 252 203 91
史涣 6 104 3 0 107 108 109 155 257 187 290 134 127
韩浩 4 96 4 0 157 158 155 109 140 217 83 35 72
王凌 2 97 4 0 139 140 141 171 101 143 245 68 9
孙礼 5 122 4 0 24 23 22 72 5 86 228 173 37
秦朗 5 148 4 0 255 256 257 227 216 186 49 221 277
郑文 6 102 5 0 268 267 266 208 207 298 145 51 196
夏侯尚 7 132 4 0 199 200 201 159 234 194 154 87 58
毌丘俭 9 101 5 0 92 91 90 80 294 48 74 254 141
诸葛诞 2 96 4 0 9 10 7 25 191 245 267 298 139
孙乾 7 102 4 0 84 83 82 96 108 133 163 282 31
简雍 6 113 4 0 85 86 83 90 109 128 262 238 281
糜竺 5 124 4 0 14 13 16 276 20 109 120 125 33
糜芳 6 146 4 0 21 22 19 1 87 114 5 96 215
庞统 8 105 4 0 67 68 69 282 18 191 269 177 239
法正 8 102 4 0 78 77 80 98 82 172 209 128 248
许靖 7 113 4 0 112 111 110 88 148 105 279 91 109
马良 1 116 4 0 240 239 238 244 196 13 222 246 102
徐庶 9 130 5 0 161 162 159 105 22 266 90 225 126
陈震 5 88 3 0 267 268 269 207 282 220 9 297 192
杨仪 8 106 3 0 239 240 241 243 179 120 177 281 67
费祎 7 119 3 0 42 41 44 54 289 52 203 89 129
蒋琬 5 101 4 0 287 288 289 231 51 297 131 29 147
孟优 8 109 4 0 238 237 240 266 167 233 91 85 227
黄皓 6 104 3 0 134 133 136 142 229 75 66 107 178
诸葛亮 5 106 3 0 163 164 165 191 83 276 84 237 66
关羽 6 134 4 0 206 205 208 193 154 123 57 70 77
张飞 5 125 4 0 33 34 31 30 90 81 184 39 14
马超 4 84 4 0 202 201 204 146 164 108 175 72 257
黄忠 4 118 4 0 159 160 161 199 285 115 210 36 111
赵云 6 95 4 0 217 218 215 222 242 157 236 7 55
魏延 8 139 4 0 165 166 163 173 40 256 216 114 186
关平 7 99 5 0 145 146 143 141 37 155 268 34 273
周仓 7 95 3 0 226 225 228 210 270 242 103 171 18
关兴 5 120 4 0 56 55 54 64 29 36 110 37 188
张苞 5 101 4 0 10 9 12 260 160 102 178 31 285
陈到 3 115 4 0 207 208 209 267 268 144 55 17 185
李严 9 143 4 0 69 70 67 49 212 174 183 200 50
姜维 7 112 4 0 109 110 107 157 85 14 172 20 112
廖化 6 110 4 0 180 179 178 152 244 46 181 269 144
马谡 7 137 4 0 122 121 124 129 126 183 87 277 225
马岱 3 95 4 0 295 296 297 76 254 219 191 245 175
陈式 6 132 4 0 153 154 151 138 70 77 265 224 234
雷铜 7 101 4 0 294 293 296 55 92 253 273 76 34
吴兰 6 77 4 0 101 102 99 17 139 71 192 115 221
王平 5 106 5 0 232 231 230 288 149 204 156 285 253
任夔 8 111 5 0 160 159 158 200 10 76 179 26 110
张翼 4 115 4 0 274 273 276 254 73 103 229 13 181
马忠 4 112 5 0 148 147 146 120 112 16 8 41 4
张南 6 115 3 0 170 169 172 178 89 173 190 111 231
冯习 9 108 4 0 291 292 293 235 227 171 44 286 38
傅佥 9 117 4 0 64 63 62 56 236 150 224 233 193
关索 3 137 4 0 173 174 171 165 135 170 260 24 210
陆逊 9 136 5 0 126 125 128 133 122 250 266 265 161
张昭 9 91 4 0 186 185 188 218 269 255 211 5 165
张紘 9 103 4 0 141 142 139 145 224 30 248 290 92
鲁肃 8 123 4 0 289 290 287 233 42 149 152 121 137
虞翻 7 122 4 0 250 249 252 190 39 126 271 2 283
顾雍 7 118 4 0 129 130 127 122 185 154 292 142 42
诸葛谨 10 112 4 0 81 82 79 93 57 33 214 251 209
诸葛恪 7 127 4 0 28 27 26 12 183 203 125 90 61
陆凯 6 105 4 0 293 294 291 43 194 281 17 100 275
骆统 5 95 4 0 104 103 102 48 192 257 286 273 176
周鲂 4 104 4 0 296 295 294 292 128 117 219 55 258
周瑜 6 130 4 0 264 263 262 6 26 119 195 57 151
吕蒙 6 109 4 0 149 150 147 61 232 289 43 4 242
甘宁 5 120 4 0 89 90 87 113 170 15 93 42 105
太史慈 12 136 3 0 200 199 198 160 120 50 256 69 114
程普 8 113 4 0 110 109 112 73 65 182 56 172 160
黄盖 4 95 4 0 72 71 70 24 203 158 18 202 157
韩当 9 139 4 0 50 49 52 70 15 200 213 58 69
周泰 4 112 4 0 167 168 169 175 238 63 272 138 8
蒋钦 3 106 4 0 247 248 249 223 259 116 218 71 19
丁奉 8 146 3 0 5 6 3 216 24 7 21 186 211
徐盛 6 106 4 0 13 14 11 29 121 240 111 274 177
陈武 3 137 4 0 98 97 100 78 174 121 234 228 115
凌操 6 104 4 0 187 188 189 259 231 107 71 127 45
凌统 4 89 4 0 298 297 1 257 116 268 108 9 246
潘璋 8 117 4 0 120 119 118 148 200 239 14 183 223
朱然 9 138 4 0 266 265 268 238 249 161 126 40 256
孙桓 5 128 4 0 90 89 92 85 33 53 161 28 228
马忠 11 98 4 0 114 113 116 117 261 21 6 165 200
孙韶 6 129 4 0 151 152 153 63 137 184 40 214 264
朱桓 9 127 4 0 22 21 24 2 161 162 123 256 265
夏恂 4 107 4 0 182 181 184 214 237 110 285 241 262
周平 4 135 4 0 57 58 55 65 81 213 206 264 284
全琮 9 115 4 0 193 194 191 206 225 272 48 61 64
于诠 9 120 3 0 87 88 89 277 21 190 122 199 15
张角 3 100 4 0 219 220 221 179 63 295 296 229 222
何进 4 140 4 0 284 283 282 272 256 216 70 195 57
董卓 1 98 4 0 164 163 162 192 202 198 75 116 68
袁绍 6 114 4 0 79 80 81 91 76 290 254 242 16
吕布 4 100 4 0 146 145 148 202 147 131 208 83 100
袁术 4 117 5 0 269 270 267 286 186 208 67 180 36
刘表 6 123 4 0 130 129 132 121 277 189 162 223 62
刘璋 6 124 3 0 62 61 64 150 19 39 215 82 130
马腾 5 113 4 0 93 94 91 81 168 181 89 25 30
张鲁 10 105 4 0 128 127 126 116 296 85 243 78 97
韩遂 6 102 5 0 244 243 242 240 180 4 26 74 156
公孙瓒 7 143 4 0 225 226 223 230 193 97 124 161 122
韩馥 2 112 4 0 80 79 78 92 52 8 116 95 241
刘岱 9 122 4 0 3 4 5 297 45 136 38 99 233
王匡 5 96 4 0 73 74 71 110 274 175 76 18 29
张邈 5 99 4 0 191 192 193 163 9 67 295 288 108
孔伷 6 104 5 0 259 260 261 187 247 156 147 178 74
陶谦 6 133 4 0 88 87 86 112 278 212 121 216 195
鲍信 2 116 5 0 47 48 49 103 263 275 86 181 43
桥瑁 6 118 4 0 135 136 137 143 173 263 205 63 133
袁遗 6 117 4 0 60 59 58 52 119 138 54 16 124
孔融 4 106 4 0 262 261 264 270 275 55 85 156 182
张超 5 97 4 0 76 75 74 295 79 160 73 294 288
张杨 8 107 4 0 276 275 274 14 30 163 227 209 26
刘度 6 119 4 0 121 122 119 130 13 98 88 289 41
赵范 4 101 3 0 100 99 98 124 8 185 113 293 146
金旋 5 126 4 0 39 40 41 35 250 62 137 33 2
韩玄 4 118 4 0 111 112 113 278 123 237 13 170 159
张宝 5 96 4 0 29 30 27 13 56 17 150 287 73
张梁 2 98 4 0 118 117 120 125 222 229 253 143 95
程远志 6 116 3 0 27 28 29 11 34 59 198 133 63
邓茂 6 108 4 0 236 235 234 220 64 286 217 227 150
马元义 5 105 4 0 71 72 73 23 31 101 187 247 237
赵弘 6 118 3 0 133 134 131 126 155 84 242 27 135
韩忠 7 122 4 0 292 291 290 296 252 152 129 280 201
孙夏 3 93 4 0 175 176 177 167 253 73 202 32 295
管亥 6 130 4 0 234 233 236 290 199 188 98 77 153
何仪 5 115 4 0 132 131 130 140 172 26 94 59 249
刘辟 8 118 5 0 183 184 185 195 28 122 69 120 169
龚都 9 126 4 0 40 39 38 36 165 215 151 266 279
裴元绍 6 102 5 0 156 155 154 108 188 259 232 262 244
高升 6 115 4 0 231 232 233 287 187 94 11 275 170
张闿 5 105 4 0 66 65 68 58 44 74 134 75 163
韩暹 7 111 4 0 59 60 61 51 105 27 188 132 12
李乐 6 82 4 0 221 222 219 258 243 197 140 255 101
杨奉 2 91 4 0 102 101 104 18 246 10 220 210 240
董承 5 127 4 0 2 1 4 22 272 223 189 250 39
王子服 8 108 4 0 227 228 229 255 291 34 276 236 238
李儒 8 136 4 0 166 165 168 174 189 49 58 211 224
陈宫 4 115 4 0 181 182 179 213 171 93 180 47 274
田丰 6 93 3 0 197 198 195 245 201 221 96 260 83
沮授 9 110 4 0 38 37 40 46 43 20 3 23 291
审配 5 101 5 0 285 286 283 19 159 168 182 232 10
许攸 7 105 3 0 254 253 256 274 295 35 79 92 282
郭图 7 111 4 0 12 11 10 28 210 196 63 230 59
逢纪 3 104 3 0 75 76 77 131 35 134 164 66 116
辛评 6 113 4 0 16 15 14 8 49 148 275 60 79
荀谌 5 118 5 0 280 279 278 252 86 210 185 292 142
辛毗 6 102 3 0 44 43 42 263 66 176 291 45 52
陈登 8 138 4 0 211 212 213 203 190 58 186 166 5
蒯良 9 122 4 0 233 234 231 289 195 238 212 64 3
王累 5 86 4 0 220 219 218 236 273 267 102 192 158
韩胤 7 112 4 0 205 206 203 194 241 283 135 54 20
沮鹄 7 114 4 0 1 2 298 21 61 106 174 278 125
杨弘 8 125 3 0 251 252 253 279 144 41 278 81 271
阎象 6 116 5 0 189 190 187 249 166 130 2 124 172
蒯越 5 119 4 0 105 106 103 161 59 112 261 86 89
伍孚 5 138 4 0 277 278 275 87 130 265 77 122 255
李傕 4 97 5 0 143 144 145 135 103 139 288 118 270
郭汜 6 104 4 0 178 177 180 170 204 179 10 259 134
颜良 5 108 4 0 168 167 166 176 93 285 20 253 218
文丑 9 114 3 0 54 53 56 42 94 61 60 205 230
潘凤 7 90 4 0 208 207 206 268 218 269 146 131 171
俞涉 8 124 4 0 137 138 135 154 151 214 39 123 289
武安国 3 104 4 0 116 115 114 128 298 247 80 164 75
穆顺 6 104 4 0 74 73 76 45 32 66 92 244 259
华雄 2 111 5 0 241 242 239 229 205 25 52 182 80
牛辅 5 97 4 0 108 107 106 156 84 202 298 176 191
张济 5 109 4 0 117 118 115 114 248 296 144 30 113
樊稠 7 102 3 0 31 32 33 281 71 248 45 10 84
胡轸 7 125 4 0 61 62 59 149 1 54 97 193 28
胡车儿 8 126 5 0 70 69 72 50 153 228 284 206 214
李肃 5 97 4 0 288 287 286 232 4 32 143 191 76
高顺 6 137 5 0 215 216 217 20 283 40 62 49 21
张任 4 129 4 0 190 189 192 250 211 87 170 152 82
高览 7 108 4 0 25 26 23 9 53 241 194 93 272
曹性 8 128 4 0 214 213 216 182 184 137 81 151 70
闵纯 7 104 3 0 282 281 284 67 267 51 171 84 254
纪灵 5 118 4 0 249 250 247 189 266 252 19 194 132
马休 7 117 3 0 23 24 25 71 11 99 230 38 278
马铁 7 79 4 0 96 95 94 84 68 192 197 21 131
高览 6 88 4 0 103 104 105 47 143 274 226 257 35
袁谭 6 125 4 0 123 124 125 99 111 206 22 137 152
袁熙 3 102 3 0 229 230 227 241 134 118 274 219 235
袁尚 5 108 4 0 253 254 251 273 175 294 118 168 232
高干 4 80 4 0 246 245 248 198 102 260 115 240 298
麴义 6 128 4 0 152 151 150 180 97 292 289 190 123
吕翔 10 113 3 0 209 210 207 201 136 11 78 276 81
吕旷 7 113 4 0 125 126 123 118 142 82 28 14 1
韩猛 7 99 5 0 273 274 271 253 220 45 294 104 145
淳于琼 7 91 4 0 18 17 20 102 67 83 72 73 226
焦触 6 104 4 0 127 128 129 115 91 95 270 187 107
张南 7 112 3 0 20 19 18 215 14 38 168 109 205
马延 9 111 4 0 230 229 232 225 286 261 23 12 54
雷薄 7 123 3 0 194 193 196 205 293 199 25 249 261
张勋 6 99 4 0 52 51 50 60 80 42 241 155 44
陈纪 5 108 5 0 113 114 111 89 46 222 100 106 117
桥蕤 7 119 4 0 213 214 211 181 228 57 50 15 53
郝萌 3 114 5 0 198 197 200 246 131 164 27 46 17
侯成 6 118 4 0 41 42 39 53 55 251 65 148 121
宋宪 5 109 5 0 86 85 88 34 280 24 47 105 46
魏续 8 125 4 0 271 272 273 283 169 195 250 11 251
成廉 8 115 4 0 243 244 245 239 221 279 128 144 174
蔡瑁 6 133 4 0 195 196 197 183 233 271 264 284 88
张允 4 134 3 0 82 81 84 94 78 125 223 62 190
黄祖 9 122 4 0 162 161 164 106 58 22 130 279 154
苏飞 6 112 4 0 281 282 279 31 245 293 30 239 85
吕公 8 122 4 0 169 170 167 177 271 278 136 119 183
侯选 5 94 5 0 176 175 174 168 235 44 51 108 104
程银 7 89 3 0 131 132 133 75 198 146 287 208 96
李堪 5 123 4 0 37 38 35 26 145 201 106 56 24
张横 7 119 4 0 53 54 51 41 25 90 119 201 213
梁兴 4 114 4 0 4 3 2 275 288 244 196 149 148
成宜 5 110 4 0 46 45 48 38 113 180 36 198 86
马玩 7 130 4 0 58 57 60 66 162 211 166 50 199
杨秋 4 99 4 0 270 269 272 262 226 235 127 258 143
张让 4 94 3 0 257 258 255 298 107 104 35 103 202
赵忠 6 117 4 0 124 123 122 100 223 19 225 189 60
封谞 9 117 4 0 15 16 17 7 50 89 99 213 87
段珪 6 103 4 0 45 46 43 74 3 273 31 44 187
曹节 6 91 3 0 35 36 37 39 75 254 257 157 103
侯览 5 106 5 0 218 217 220 186 208 258 247 222 168
蹇硕 8 100 4 0 65 66 63 57 110 43 41 150 7
程旷 4 101 5 0 258 257 260 221 177 218 32 270 296
夏恽 6 121 4 0 119 120 121 147 60 264 53 169 184
郭胜 5 121 5 0 188 187 186 172 156 234 59 185 56
吕伯奢 6 107 4 0 177 178 175 169 258 142 239 67 13
普净 8 126 4 0 212 211 210 204 69 88 233 136 11
华佗 4 75 4 0 115 116 117 127 297 159 246 101 98
于吉 6 95 3 0 83 84 85 95 163 18 157 146 197
左慈 2 118 4 0 43 44 45 293 38 65 149 8 47
吉平 3 121 4 0 185 186 183 158 129 100 280 188 207
