荀彧 5 32 2 0 171 172 173 139 181 291 282
荀攸 6 47 3 0 265 266 263 237 77 277 153
贾诩 6 40 3 0 278 277 280 111 88 169 251
郭嘉 6 41 2 0 136 135 134 144 209 3 169
程昱 1 55 3 0 210 209 212 226 12 280 159
戏志才 4 43 3 0 275 276 277 4 262 47 16
刘晔 5 40 2 0 11 12 13 27 23 209 231
蒋济 2 40 2 0 55 56 57 294 41 262 207
陈群 4 35 3 0 155 156 157 107 133 145 34
华歆 3 30 5 0 192 191 190 164 104 96 101
钟繇 2 40 3 0 17 18 15 101 290 29 293
满宠 6 42 3 0 154 153 156 137 206 129 199
董昭 4 30 2 0 297 298 295 3 115 287 7
王朗 4 43 3 0 203 204 205 211 72 28 42
崔琰 3 42 3 0 138 137 140 153 106 60 142
毛玠 1 34 3 0 158 157 160 185 95 72 68
杜畿 5 36 3 0 26 25 28 37 264 132 244
田畴 3 36 3 0 147 148 149 119 146 91 259
王修 4 52 3 0 49 50 47 69 16 166 255
杨修 3 42 3 0 106 105 108 162 138 1 37
辛毗 6 48 4 0 216 215 214 5 255 284 165
杨阜 2 44 3 0 36 35 34 40 150 56 46
田豫 4 28 3 0 260 259 258 10 7 246 173
王粲 4 46 3 0 184 183 182 196 214 151 33
蒯越 5 43 3 0 252 251 250 280 292 249 263
张继 4 51 3 0 77 78 75 97 265 153 277
杜袭 6 39 3 0 279 280 281 251 99 243 112
枣祗任峻 2 55 3 0 228 227 226 256 213 70 24
陈矫 4 41 4 0 261 262 259 242 114 230 105
郗虑 4 47 3 0 223 224 225 247 124 2 82
桓玠 3 42 4 0 142 141 144 134 125 177 138
丁仪 5 42 4 0 174 173 176 166 98 69 1
丁廙 7 36 3 0 97 98 95 77 152 225 61
司马朗 4 35 3 0 34 33 36 86 27 227 155
韩暨 8 35 3 0 6 5 8 264 48 224 114
韦康 1 41 2 0 235 236 237 291 176 270 95
邴原 5 38 4 0 172 171 170 188 132 78 109
赵俨 0 39 3 0 245 246 243 197 281 9 139
娄圭 5 41 2 0 63 64 65 151 219 167 12
贾逵 5 42 3 0 201 202 199 209 197 37 283
陈琳 2 45 4 0 8 7 6 16 100 80 148
司马懿 4 37 4 0 144 143 142 136 251 207 117
张辽 6 33 4 0 248 247 246 224 117 31 141
徐晃 3 40 4 0 196 195 194 184 240 12 4
夏侯惇 5 33 4 0 286 285 288 269 230 236 104
夏侯渊 3 25 4 0 140 139 138 132 157 68 221
庞德 4 29 3 0 7 8 9 15 260 5 297
张郃 6 41 3 0 224 223 222 248 141 6 64
李典 5 34 2 0 290 289 292 234 17 79 107
乐进 1 32 4 0 68 67 66 32 96 140 158
典韦 5 38 2 0 91 92 93 79 127 147 238
曹洪 3 44 3 0 19 20 21 285 62 124 249
曹仁 2 36 4 0 32 31 30 68 74 288 258
曹彰 8 42 4 0 256 255 254 228 284 165 200
曹纯 6 39 2 0 99 100 101 123 279 23 15
于禁 4 39 4 0 242 241 244 261 217 226 133
许褚 1 44 4 0 222 221 224 217 118 113 240
吕虔 4 36 4 0 150 149 152 62 36 64 29
李通 5 42 4 0 283 284 285 271 215 205 201
文聘 3 42 3 0 272 271 270 284 2 193 167
臧霸 3 39 3 0 204 203 202 212 178 232 237
郭淮 6 29 2 0 179 180 181 219 239 178 160
钟会 5 38 3 0 48 47 46 104 6 92 193
邓艾 1 38 3 0 95 96 97 83 158 127 235
曹休 3 35 3 0 51 52 53 59 287 282 176
张燕 3 39 3 0 237 238 235 265 182 111 204
张绣 3 42 3 0 94 93 96 82 54 231 132
朱灵 4 38 2 0 30 29 32 33 276 141 281
路昭 5 43 3 0 263 264 265 44 47 135 252
史涣 5 35 2 0 107 108 109 155 257 187 290
韩浩 3 33 3 0 157 158 155 109 140 217 83
王凌 0 40 2 0 139 140 141 171 101 143 245
孙礼 2 49 4 0 24 23 22 72 5 86 228
秦朗 4 58 2 0 255 256 257 227 216 186 49
郑文 4 35 4 0 268 267 266 208 207 298 145
夏侯尚 6 42 3 0 199 200 201 159 234 194 154
毌丘俭 5 35 5 0 92 91 90 80 294 48 74
诸葛诞 2 33 3 0 9 10 7 25 191 245 267
孙乾 4 35 2 0 84 83 82 96 108 133 163
简雍 4 37 2 0 85 86 83 90 109 128 262
糜竺 5 39 3 0 14 13 16 276 20 109 120
糜芳 5 52 3 0 21 22 19 1 87 114 5
庞统 4 37 3 0 67 68 69 282 18 191 269
法正 7 34 3 0 78 77 80 98 82 172 209
许靖 6 38 3 0 112 111 110 88 148 105 279
马良 1 47 3 0 240 239 238 244 196 13 222
徐庶 5 46 4 0 161 162 159 105 22 266 90
陈震 2 34 2 0 267 268 269 207 282 220 9
杨仪 5 38 3 0 239 240 241 243 179 120 177
费祎 4 43 2 0 42 41 44 54 289 52 203
蒋琬 4 32 2 0 287 288 289 231 51 297 131
孟优 5 38 3 0 238 237 240 266 167 233 91
黄皓 3 40 3 0 134 133 136 142 229 75 66
诸葛亮 4 35 3 0 163 164 165 191 83 276 84
关羽 4 47 3 0 206 205 208 193 154 123 57
张飞 4 46 3 0 33 34 31 30 90 81 184
马超 2 34 4 0 202 201 204 146 164 108 175
黄忠 1 48 3 0 159 160 161 199 285 115 210
赵云 5 30 3 0 217 218 215 222 242 157 236
魏延 6 50 3 0 165 166 163 173 40 256 216
关平 4 35 3 0 145 146 143 141 37 155 268
周仓 4 34 3 0 226 225 228 210 270 242 103
关兴 4 42 3 0 56 55 54 64 29 36 110
张苞 4 32 3 0 10 9 12 260 160 102 178
陈到 2 40 3 0 207 208 209 267 268 144 55
李严 7 44 3 0 69 70 67 49 212 174 183
姜维 5 38 3 0 109 110 107 157 85 14 172
廖化 2 45 3 0 180 179 178 152 244 46 181
马谡 5 49 2 0 122 121 124 129 126 183 87
马岱 2 37 3 0 295 296 297 76 254 219 191
陈式 6 47 3 0 153 154 151 138 70 77 265
雷铜 4 31 3 0 294 293 296 55 92 253 273
吴兰 3 31 4 0 101 102 99 17 139 71 192
王平 3 37 4 0 232 231 230 288 149 204 156
任夔 6 31 3 0 160 159 158 200 10 76 179
张翼 2 42 3 0 274 273 276 254 73 103 229
马忠 2 45 4 0 148 147 146 120 112 16 8
张南 3 50 3 0 170 169 172 178 89 173 190
冯习 5 35 3 0 291 292 293 235 227 171 44
傅佥 6 40 3 0 64 63 62 56 236 150 224
关索 3 54 3 0 173 174 171 165 135 170 260
陆逊 7 45 4 0 126 125 128 133 122 250 266
张昭 7 29 2 0 186 185 188 218 269 255 211
张紘 6 33 3 0 141 142 139 145 224 30 248
鲁肃 4 45 4 0 289 290 287 233 42 149 152
虞翻 5 44 2 0 250 249 252 190 39 126 271
顾雍 4 44 3 0 129 130 127 122 185 154 292
诸葛谨 6 44 3 0 81 82 79 93 57 33 214
诸葛恪 4 45 3 0 28 27 26 12 183 203 125
陆凯 2 40 3 0 293 294 291 43 194 281 17
骆统 5 33 4 0 104 103 102 48 192 257 286
周鲂 2 37 4 0 296 295 294 292 128 117 219
周瑜 3 50 2 0 264 263 262 6 26 119 195
吕蒙 2 44 2 0 149 150 147 61 232 289 43
甘宁 4 42 2 0 89 90 87 113 170 15 93
太史慈 8 44 3 0 200 199 198 160 120 50 256
程普 4 42 4 0 110 109 112 73 65 182 56
黄盖 3 31 3 0 72 71 70 24 203 158 18
韩当 6 42 3 0 50 49 52 70 15 200 213
周泰 3 42 2 0 167 168 169 175 238 63 272
蒋钦 2 39 3 0 247 248 249 223 259 116 218
丁奉 5 55 3 0 5 6 3 216 24 7 21
徐盛 3 46 2 0 13 14 11 29 121 240 111
陈武 3 52 3 0 98 97 100 78 174 121 234
凌操 3 38 2 0 187 188 189 259 231 107 71
凌统 2 34 4 0 298 297 1 257 116 268 108
潘璋 5 39 3 0 120 119 118 148 200 239 14
朱然 7 45 4 0 266 265 268 238 249 161 126
孙桓 5 45 4 0 90 89 92 85 33 53 161
马忠 8 25 3 0 114 113 116 117 261 21 6
孙韶 6 45 3 0 151 152 153 63 137 184 40
朱桓 6 44 3 0 22 21 24 2 161 162 123
夏恂 2 41 2 0 182 181 184 214 237 110 285
周平 4 47 3 0 57 58 55 65 81 213 206
全琮 5 39 3 0 193 194 191 206 225 272 48
于诠 5 50 2 0 87 88 89 277 21 190 122
张角 2 38 3 0 219 220 221 179 63 295 296
何进 4 51 4 0 284 283 282 272 256 216 70
董卓 1 41 2 0 164 163 162 192 202 198 75
袁绍 5 36 2 0 79 80 81 91 76 290 254
吕布 4 32 2 0 146 145 148 202 147 131 208
袁术 4 37 3 0 269 270 267 286 186 208 67
刘表 6 43 3 0 130 129 132 121 277 189 162
刘璋 4 50 3 0 62 61 64 150 19 39 215
马腾 4 42 3 0 93 94 91 81 168 181 89
张鲁 6 31 3 0 128 127 126 116 296 85 243
韩遂 5 36 4 0 244 243 242 240 180 4 26
公孙瓒 5 45 4 0 225 226 223 230 193 97 124
韩馥 0 47 4 0 80 79 78 92 52 8 116
刘岱 6 38 2 0 3 4 5 297 45 136 38
王匡 4 32 3 0 73 74 71 110 274 175 76
张邈 2 37 3 0 191 192 193 163 9 67 295
孔伷 3 36 3 0 259 260 261 187 247 156 147
陶谦 5 46 4 0 88 87 86 112 278 212 121
鲍信 2 46 3 0 47 48 49 103 263 275 86
桥瑁 5 42 2 0 135 136 137 143 173 263 205
袁遗 5 40 3 0 60 59 58 52 119 138 54
孔融 4 37 3 0 262 261 264 270 275 55 85
张超 4 32 3 0 76 75 74 295 79 160 73
张杨 6 36 2 0 276 275 274 14 30 163 227
刘度 5 47 3 0 121 122 119 130 13 98 88
赵范 3 43 3 0 100 99 98 124 8 185 113
金旋 4 48 3 0 39 40 41 35 250 62 137
韩玄 3 46 3 0 111 112 113 278 123 237 13
张宝 4 35 4 0 29 30 27 13 56 17 150
张梁 2 38 3 0 118 117 120 125 222 229 253
程远志 3 43 2 0 27 28 29 11 34 59 198
邓茂 5 31 4 0 236 235 234 220 64 286 217
马元义 3 38 2 0 71 72 73 23 31 101 187
赵弘 4 39 3 0 133 134 131 126 155 84 242
韩忠 4 43 4 0 292 291 290 296 252 152 129
孙夏 2 34 3 0 175 176 177 167 253 73 202
管亥 3 53 3 0 234 233 236 290 199 188 98
何仪 3 42 4 0 132 131 130 140 172 26 94
刘辟 7 40 3 0 183 184 185 195 28 122 69
龚都 6 45 3 0 40 39 38 36 165 215 151
裴元绍 3 37 4 0 156 155 154 108 188 259 232
高升 5 40 2 0 231 232 233 287 187 94 11
张闿 3 39 3 0 66 65 68 58 44 74 134
韩暹 3 45 3 0 59 60 61 51 105 27 188
李乐 3 27 3 0 221 222 219 258 243 197 140
杨奉 2 31 2 0 102 101 104 18 246 10 220
董承 4 45 3 0 2 1 4 22 272 223 189
王子服 6 35 3 0 227 228 229 255 291 34 276
李儒 6 50 3 0 166 165 168 174 189 49 58
陈宫 2 45 4 0 181 182 179 213 171 93 180
田丰 5 27 3 0 197 198 195 245 201 221 96
沮授 6 36 3 0 38 37 40 46 43 20 3
审配 2 41 3 0 285 286 283 19 159 168 182
许攸 5 36 2 0 254 253 256 274 295 35 79
郭图 5 40 3 0 12 11 10 28 210 196 63
逢纪 1 42 2 0 75 76 77 131 35 134 164
辛评 4 42 4 0 16 15 14 8 49 148 275
荀谌 3 48 3 0 280 279 278 252 86 210 185
辛毗 5 35 3 0 44 43 42 263 66 176 291
陈登 6 51 3 0 211 212 213 203 190 58 186
蒯良 7 37 3 0 233 234 231 289 195 238 212
王累 2 31 3 0 220 219 218 236 273 267 102
韩胤 5 41 2 0 205 206 203 194 241 283 135
沮鹄 5 43 2 0 1 2 298 21 61 106 174
杨弘 6 40 2 0 251 252 253 279 144 41 278
阎象 4 44 3 0 189 190 187 249 166 130 2
蒯越 4 41 3 0 105 106 103 161 59 112 261
伍孚 4 51 4 0 277 278 275 87 130 265 77
李傕 2 38 3 0 143 144 145 135 103 139 288
郭汜 4 33 3 0 178 177 180 170 204 179 10
颜良 4 40 4 0 168 167 166 176 93 285 20
文丑 5 40 3 0 54 53 56 42 94 61 60
潘凤 4 32 3 0 208 207 206 268 218 269 146
俞涉 4 49 2 0 137 138 135 154 151 214 39
武安国 0 42 3 0 116 115 114 128 298 247 80
穆顺 5 35 4 0 74 73 76 45 32 66 92
华雄 2 41 4 0 241 242 239 229 205 25 52
牛辅 2 36 4 0 108 107 106 156 84 202 298
张济 4 37 4 0 117 118 115 114 248 296 144
樊稠 4 34 3 0 31 32 33 281 71 248 45
胡轸 7 36 3 0 61 62 59 149 1 54 97
胡车儿 4 51 4 0 70 69 72 50 153 228 284
李肃 2 38 3 0 288 287 286 232 4 32 143
高顺 4 50 3 0 215 216 217 20 283 40 62
张任 3 50 3 0 190 189 192 250 211 87 170
高览 4 41 3 0 25 26 23 9 53 241 194
曹性 6 44 4 0 214 213 216 182 184 137 81
闵纯 5 33 2 0 282 281 284 67 267 51 171
纪灵 3 45 2 0 249 250 247 189 266 252 19
马休 6 35 2 0 23 24 25 71 11 99 230
马铁 5 26 4 0 96 95 94 84 68 192 197
高览 4 34 2 0 103 104 105 47 143 274 226
袁谭 6 43 3 0 123 124 125 99 111 206 22
袁熙 2 42 2 0 229 230 227 241 134 118 274
袁尚 2 39 3 0 253 254 251 273 175 294 118
高干 2 27 3 0 246 245 248 198 102 260 115
麴义 4 45 3 0 152 151 150 180 97 292 289
吕翔 7 34 3 0 209 210 207 201 136 11 78
吕旷 4 45 4 0 125 126 123 118 142 82 28
韩猛 4 30 4 0 273 274 271 253 220 45 294
淳于琼 3 33 2 0 18 17 20 102 67 83 72
焦触 3 37 3 0 127 128 129 115 91 95 270
张南 4 40 3 0 20 19 18 215 14 38 168
马延 6 35 2 0 230 229 232 225 286 261 23
雷薄 4 42 2 0 194 193 196 205 293 199 25
张勋 2 41 3 0 52 51 50 60 80 42 241
陈纪 3 43 4 0 113 114 111 89 46 222 100
桥蕤 6 43 3 0 213 214 211 181 228 57 50
郝萌 3 43 3 0 198 197 200 246 131 164 27
侯成 4 40 2 0 41 42 39 53 55 251 65
宋宪 2 45 4 0 86 85 88 34 280 24 47
魏续 5 44 3 0 271 272 273 283 169 195 250
成廉 6 33 2 0 243 244 245 239 221 279 128
蔡瑁 3 50 2 0 195 196 197 183 233 271 264
张允 4 47 2 0 82 81 84 94 78 125 223
黄祖 6 43 3 0 162 161 164 106 58 22 130
苏飞 4 38 3 0 281 282 279 31 245 293 30
吕公 6 41 3 0 169 170 167 177 271 278 136
侯选 3 35 3 0 176 175 174 168 235 44 51
程银 4 32 1 0 131 132 133 75 198 146 287
李堪 3 42 2 0 37 38 35 26 145 201 106
张横 5 44 3 0 53 54 51 41 25 90 119
梁兴 3 41 4 0 4 3 2 275 288 244 196
成宜 2 44 4 0 46 45 48 38 113 180 36
马玩 6 47 3 0 58 57 60 66 162 211 166
杨秋 3 37 3 0 270 269 272 262 226 235 127
张让 3 35 2 0 257 258 255 298 107 104 35
赵忠 5 45 3 0 124 123 122 100 223 19 225
封谞 6 40 2 0 15 16 17 7 50 89 99
段珪 4 34 3 0 45 46 43 74 3 273 31
曹节 3 34 2 0 35 36 37 39 75 254 257
侯览 2 39 3 0 218 217 220 186 208 258 247
蹇硕 4 39 3 0 65 66 63 57 110 43 41
程旷 2 36 4 0 258 257 260 221 177 218 32
夏恽 5 44 3 0 119 120 121 147 60 264 53
郭胜 3 45 4 0 188 187 186 172 156 234 59
吕伯奢 5 37 3 0 177 178 175 169 258 142 239
普净 7 42 3 0 212 211 210 204 69 88 233
华佗 2 23 2 0 115 116 117 127 297 159 246
于吉 3 34 2 0 83 84 85 95 163 18 157
左慈 2 42 3 0 43 44 45 293 38 65 149
吉平 3 46 4 0 185 186 183 158 129 100 280
