1 92 200 3 
2 266 114 2 
3 97 50 1 
4 233 54 1 
5 239 69 3 
6 279 199 1 
7 154 6 2 
8 165 15 1 
9 251 243 1 
10 22 120 3 
11 81 129 2 
12 110 141 1 
13 195 290 1 
14 7 38 2 
15 186 55 1 
16 126 224 2 
17 128 161 3 
18 123 230 1 
19 261 137 3 
20 292 169 2 
21 90 87 1 
22 85 174 3 
23 134 31 3 
24 147 171 3 
25 236 270 2 
26 136 256 1 
27 265 61 1 
28 209 23 2 
29 166 99 1 
30 3 183 1 
31 214 49 2 
32 64 28 2 
33 213 291 2 
34 53 14 3 
35 277 276 2 
36 248 112 2 
37 179 223 1 
38 107 1 1 
39 34 84 1 
40 205 124 1 
41 187 74 2 
42 253 170 2 
43 285 271 1 
44 225 88 3 
45 11 211 3 
46 194 289 3 
47 172 234 3 
48 70 193 2 
49 78 281 2 
50 283 278 1 
51 227 82 2 
52 133 79 1 
53 12 16 1 
54 67 250 1 
55 65 121 2 
56 272 226 3 
57 25 71 3 
58 86 94 2 
59 66 113 2 
60 146 293 1 
61 35 221 1 
62 101 5 1 
63 58 40 1 
64 160 206 1 
65 153 216 3 
66 91 57 1 
67 20 294 2 
68 215 125 1 
69 27 238 2 
70 151 41 2 
71 42 254 3 
72 26 282 1 
73 127 184 1 
74 188 268 1 
75 132 24 1 
76 269 242 1 
77 208 62 1 
78 59 197 2 
79 263 207 2 
80 273 83 2 
81 163 51 3 
82 156 287 1 
83 178 244 2 
84 297 131 1 
85 18 52 3 
86 196 157 3 
87 267 237 1 
88 29 96 3 
89 104 116 3 
90 115 140 2 
91 158 122 2 
92 252 212 3 
93 162 109 2 
94 89 77 1 
95 130 56 1 
96 2 201 2 
97 135 142 2 
98 280 189 2 
99 60 259 3 
100 63 168 3 
101 249 155 1 
102 232 36 3 
103 46 182 3 
104 260 275 3 
105 149 72 3 
106 76 108 2 
107 257 143 2 
108 21 231 3 
109 39 48 1 
110 264 144 3 
111 145 111 3 
112 203 93 2 
113 148 181 1 
114 159 296 2 
115 10 198 1 
116 185 13 1 
117 80 138 2 
118 176 103 1 
119 229 218 3 
120 219 9 3 
121 220 222 1 
122 68 255 1 
123 33 286 1 
124 105 284 1 
125 98 37 3 
126 177 30 2 
127 217 150 3 
128 45 117 1 
129 180 106 3 
130 4 210 2 
131 73 44 3 
132 100 32 3 
133 258 298 3 
134 8 235 2 
135 175 245 1 
136 202 102 3 
137 119 246 2 
138 152 167 1 
139 173 204 3 
140 75 288 3 
141 118 228 1 
142 17 262 3 
143 274 19 2 
144 247 47 3 
145 43 191 3 
146 139 295 1 
147 192 95 1 
148 190 241 2 
149 164 240 3 
