荀彧 9 145 4 0 171 172 173 139 181 291 282 226 208 18
荀攸 9 196 5 0 265 266 263 237 77 277 153 126 22 214
贾诩 7 178 4 0 278 277 280 111 88 169 251 1 23 42
郭嘉 12 201 4 0 136 135 134 144 209 3 169 212 6 200
程昱 5 186 5 0 210 209 212 226 12 280 159 102 173 33
戏志才 7 158 5 0 275 276 277 4 262 47 16 231 293 86
刘晔 10 191 4 0 11 12 13 27 23 209 231 271 212 6
蒋济 8 143 4 0 55 56 57 294 41 262 207 296 217 260
陈群 6 162 5 0 155 156 157 107 133 145 34 52 204 106
华歆 5 134 5 0 192 191 190 164 104 96 101 220 267 175
钟繇 3 175 4 0 17 18 15 101 290 29 293 207 198 185
满宠 11 187 5 0 154 153 156 137 206 129 199 252 162 22
董昭 6 144 5 0 297 298 295 3 115 287 7 267 32 157
王朗 6 171 5 0 203 204 205 211 72 28 42 263 48 189
崔琰 4 157 5 0 138 137 140 153 106 60 142 167 51 204
毛玠 6 115 5 0 158 157 160 185 95 72 68 140 220 255
杜畿 8 167 4 0 26 25 28 37 264 132 244 160 276 85
田畴 6 144 4 0 147 148 149 119 146 91 259 235 287 288
王修 10 190 5 0 49 50 47 69 16 166 255 215 216 3
杨修 6 163 4 0 106 105 108 162 138 1 37 113 94 155
辛毗 8 188 5 0 216 215 214 5 255 284 165 88 49 195
杨阜 5 169 4 0 36 35 34 40 150 56 46 159 269 207
田豫 8 138 5 0 260 259 258 10 7 246 173 197 179 55
王粲 8 175 5 0 184 183 182 196 214 151 33 174 119 172
蒯越 7 191 4 0 252 251 250 280 292 249 263 154 99 28
张继 7 199 5 0 77 78 75 97 265 153 277 234 206 215
杜袭 11 194 5 0 279 280 281 251 99 243 112 162 40 126
枣祗任峻 5 200 5 0 228 227 226 256 213 70 24 98 90 284
陈矫 8 184 5 0 261 262 259 242 114 230 105 283 194 123
郗虑 8 175 5 0 223 224 225 247 124 2 82 130 120 160
桓玠 7 177 5 0 142 141 144 134 125 177 138 129 280 109
丁仪 8 172 4 0 174 173 176 166 98 69 1 184 243 27
丁廙 12 162 5 0 97 98 95 77 152 225 61 6 128 266
司马朗 8 156 4 0 34 33 36 86 27 227 155 145 294 74
韩暨 10 193 4 0 6 5 8 264 48 224 114 97 136 11
韦康 3 151 4 0 235 236 237 291 176 270 95 147 229 75
邴原 8 178 5 0 172 171 170 188 132 78 109 110 189 184
赵俨 4 133 5 0 245 246 243 197 281 9 139 295 140 102
娄圭 6 174 4 0 63 64 65 151 219 167 12 135 27 60
贾逵 7 183 4 0 201 202 199 209 197 37 283 53 292 89
陈琳 6 155 4 0 8 7 6 16 100 80 148 43 167 66
司马懿 7 169 4 0 144 143 142 136 251 207 117 243 180 286
张辽 8 166 5 0 248 247 246 224 117 31 141 179 78 238
徐晃 6 154 4 0 196 195 194 184 240 12 4 204 268 44
夏侯惇 7 169 5 0 286 285 288 269 230 236 104 291 290 144
夏侯渊 4 108 5 0 140 139 138 132 157 68 221 158 245 173
庞德 9 158 5 0 7 8 9 15 260 5 297 217 65 67
张郃 10 199 5 0 224 223 222 248 141 6 64 153 166 50
李典 9 167 5 0 290 289 292 234 17 79 107 141 286 263
乐进 3 134 4 0 68 67 66 32 96 140 158 139 164 43
典韦 7 176 4 0 91 92 93 79 127 147 238 112 263 24
曹洪 5 164 5 0 19 20 21 285 62 124 249 94 247 198
曹仁 6 137 5 0 32 31 30 68 74 288 258 175 297 270
曹彰 9 196 6 0 256 255 254 228 284 165 200 22 266 161
曹纯 9 194 4 0 99 100 101 123 279 23 15 3 252 40
于禁 8 159 4 0 242 241 244 261 217 226 133 79 149 107
许褚 4 143 4 0 222 221 224 217 118 113 240 218 219 257
吕虔 6 164 5 0 150 149 152 62 36 64 29 65 236 253
李通 7 178 4 0 283 284 285 271 215 205 201 261 250 53
文聘 8 162 5 0 272 271 270 284 2 193 167 48 25 236
臧霸 4 157 5 0 204 203 202 212 178 232 237 196 155 138
郭淮 10 154 5 0 179 180 181 219 239 178 160 248 260 92
钟会 6 178 4 0 48 47 46 104 6 92 193 272 203 41
邓艾 3 157 4 0 95 96 97 83 158 127 235 80 118 247
曹休 6 160 4 0 51 52 53 59 287 282 176 268 138 127
张燕 6 150 4 0 237 238 235 265 182 111 204 163 71 76
张绣 6 167 4 0 94 93 96 82 54 231 132 19 106 4
朱灵 6 168 5 0 30 29 32 33 276 141 281 117 93 181
路昭 9 168 4 0 263 264 265 44 47 135 252 203 91 290
史涣 8 159 4 0 107 108 109 155 257 187 290 134 127 242
韩浩 6 144 4 0 157 158 155 109 140 217 83 35 72 297
王凌 2 143 5 0 139 140 141 171 101 143 245 68 9 241
孙礼 7 175 5 0 24 23 22 72 5 86 228 173 37 91
秦朗 5 212 5 0 255 256 257 227 216 186 49 221 277 158
郑文 8 156 5 0 268 267 266 208 207 298 145 51 196 134
夏侯尚 9 199 4 0 199 200 201 159 234 194 154 87 58 211
毌丘俭 10 159 5 0 92 91 90 80 294 48 74 254 141 179
诸葛诞 4 141 5 0 9 10 7 25 191 245 267 298 139 143
孙乾 7 161 4 0 84 83 82 96 108 133 163 282 31 168
简雍 8 170 4 0 85 86 83 90 109 128 262 238 281 26
糜竺 7 185 4 0 14 13 16 276 20 109 120 125 33 39
糜芳 7 216 4 0 21 22 19 1 87 114 5 96 215 122
庞统 9 162 4 0 67 68 69 282 18 191 269 177 239 7
法正 10 160 5 0 78 77 80 98 82 172 209 128 248 141
许靖 9 169 4 0 112 111 110 88 148 105 279 91 109 20
马良 1 165 4 0 240 239 238 244 196 13 222 246 102 164
徐庶 9 197 5 0 161 162 159 105 22 266 90 225 126 256
陈震 7 135 4 0 267 268 269 207 282 220 9 297 192 208
杨仪 9 162 4 0 239 240 241 243 179 120 177 281 67 273
费祎 7 179 4 0 42 41 44 54 289 52 203 89 129 278
蒋琬 6 154 4 0 287 288 289 231 51 297 131 29 147 217
孟优 8 166 4 0 238 237 240 266 167 233 91 85 227 248
黄皓 8 158 4 0 134 133 136 142 229 75 66 107 178 268
诸葛亮 6 157 4 0 163 164 165 191 83 276 84 237 66 71
关羽 7 198 4 0 206 205 208 193 154 123 57 70 77 277
张飞 5 188 4 0 33 34 31 30 90 81 184 39 14 210
马超 6 121 5 0 202 201 204 146 164 108 175 72 257 221
黄忠 4 172 4 0 159 160 161 199 285 115 210 36 111 274
赵云 6 150 5 0 217 218 215 222 242 157 236 7 55 287
魏延 9 203 4 0 165 166 163 173 40 256 216 114 186 5
关平 7 154 6 0 145 146 143 141 37 155 268 34 273 156
周仓 7 152 4 0 226 225 228 210 270 242 103 171 18 293
关兴 7 179 4 0 56 55 54 64 29 36 110 37 188 133
张苞 5 156 4 0 10 9 12 260 160 102 178 31 285 296
陈到 5 169 5 0 207 208 209 267 268 144 55 17 185 36
李严 10 220 5 0 69 70 67 49 212 174 183 200 50 114
姜维 7 177 4 0 109 110 107 157 85 14 172 20 112 142
廖化 7 162 5 0 180 179 178 152 244 46 181 269 144 59
马谡 7 207 5 0 122 121 124 129 126 183 87 277 225 21
马岱 3 138 5 0 295 296 297 76 254 219 191 245 175 118
陈式 7 196 4 0 153 154 151 138 70 77 265 224 234 58
雷铜 8 160 4 0 294 293 296 55 92 253 273 76 34 254
吴兰 8 117 4 0 101 102 99 17 139 71 192 115 221 35
王平 6 159 5 0 232 231 230 288 149 204 156 285 253 178
任夔 8 174 5 0 160 159 158 200 10 76 179 26 110 223
张翼 4 170 5 0 274 273 276 254 73 103 229 13 181 159
马忠 4 167 6 0 148 147 146 120 112 16 8 41 4 47
张南 8 164 4 0 170 169 172 178 89 173 190 111 231 177
冯习 10 169 4 0 291 292 293 235 227 171 44 286 38 276
傅佥 10 180 4 0 64 63 62 56 236 150 224 233 193 120
关索 3 198 5 0 173 174 171 165 135 170 260 24 210 140
陆逊 11 205 5 0 126 125 128 133 122 250 266 265 161 279
张昭 10 141 4 0 186 185 188 218 269 255 211 5 165 225
张紘 10 162 4 0 141 142 139 145 224 30 248 290 92 78
鲁肃 9 184 5 0 289 290 287 233 42 149 152 121 137 169
虞翻 9 176 4 0 250 249 252 190 39 126 271 2 283 54
顾雍 9 176 4 0 129 130 127 122 185 154 292 142 42 87
诸葛谨 11 171 5 0 81 82 79 93 57 33 214 251 209 230
诸葛恪 7 190 5 0 28 27 26 12 183 203 125 90 61 252
陆凯 7 154 4 0 293 294 291 43 194 281 17 100 275 226
骆统 7 141 5 0 104 103 102 48 192 257 286 273 176 29
周鲂 5 156 5 0 296 295 294 292 128 117 219 55 258 10
周瑜 7 188 4 0 264 263 262 6 26 119 195 57 151 90
吕蒙 6 161 4 0 149 150 147 61 232 289 43 4 242 45
甘宁 7 180 5 0 89 90 87 113 170 15 93 42 105 201
太史慈 14 208 3 0 200 199 198 160 120 50 256 69 114 136
程普 10 171 5 0 110 109 112 73 65 182 56 172 160 128
黄盖 4 150 4 0 72 71 70 24 203 158 18 202 157 219
韩当 10 217 5 0 50 49 52 70 15 200 213 58 69 224
周泰 4 165 4 0 167 168 169 175 238 63 272 138 8 80
蒋钦 3 154 5 0 247 248 249 223 259 116 218 71 19 95
丁奉 9 216 4 0 5 6 3 216 24 7 21 186 211 165
徐盛 6 157 5 0 13 14 11 29 121 240 111 274 177 259
陈武 4 197 5 0 98 97 100 78 174 121 234 228 115 246
凌操 8 153 4 0 187 188 189 259 231 107 71 127 45 52
凌统 5 137 5 0 298 297 1 257 116 268 108 9 246 176
潘璋 10 177 5 0 120 119 118 148 200 239 14 183 223 64
朱然 11 206 5 0 266 265 268 238 249 161 126 40 256 97
孙桓 7 186 5 0 90 89 92 85 33 53 161 28 228 264
马忠 11 163 4 0 114 113 116 117 261 21 6 165 200 69
孙韶 7 190 4 0 151 152 153 63 137 184 40 214 264 234
朱桓 11 190 4 0 22 21 24 2 161 162 123 256 265 154
夏恂 5 160 5 0 182 181 184 214 237 110 285 241 262 117
周平 5 198 4 0 57 58 55 65 81 213 206 264 284 2
全琮 10 177 4 0 193 194 191 206 225 272 48 61 64 243
于诠 9 178 4 0 87 88 89 277 21 190 122 199 15 129
张角 4 145 5 0 219 220 221 179 63 295 296 229 222 72
何进 5 202 4 0 284 283 282 272 256 216 70 195 57 228
董卓 1 140 5 0 164 163 162 192 202 198 75 116 68 240
袁绍 7 174 5 0 79 80 81 91 76 290 254 242 16 135
吕布 5 149 4 0 146 145 148 202 147 131 208 83 100 191
袁术 5 175 5 0 269 270 267 286 186 208 67 180 36 105
刘表 8 183 4 0 130 129 132 121 277 189 162 223 62 194
刘璋 6 182 4 0 62 61 64 150 19 39 215 82 130 119
马腾 6 171 5 0 93 94 91 81 168 181 89 25 30 111
张鲁 10 172 4 0 128 127 126 116 296 85 243 78 97 110
韩遂 7 157 6 0 244 243 242 240 180 4 26 74 156 113
公孙瓒 9 215 5 0 225 226 223 230 193 97 124 161 122 186
韩馥 4 163 5 0 80 79 78 92 52 8 116 95 241 167
刘岱 10 190 4 0 3 4 5 297 45 136 38 99 233 49
王匡 5 151 5 0 73 74 71 110 274 175 76 18 29 218
张邈 5 149 5 0 191 192 193 163 9 67 295 288 108 146
孔伷 6 158 5 0 259 260 261 187 247 156 147 178 74 13
陶谦 6 197 4 0 88 87 86 112 278 212 121 216 195 131
鲍信 4 169 5 0 47 48 49 103 263 275 86 181 43 148
桥瑁 7 175 4 0 135 136 137 143 173 263 205 63 133 79
袁遗 6 173 4 0 60 59 58 52 119 138 54 16 124 63
孔融 5 162 5 0 262 261 264 270 275 55 85 156 182 46
张超 6 145 5 0 76 75 74 295 79 160 73 294 288 237
张杨 10 166 5 0 276 275 274 14 30 163 227 209 26 291
刘度 8 171 4 0 121 122 119 130 13 98 88 289 41 124
赵范 5 150 4 0 100 99 98 124 8 185 113 293 146 258
金旋 7 183 5 0 39 40 41 35 250 62 137 33 2 14
韩玄 6 173 4 0 111 112 113 278 123 237 13 170 159 93
张宝 7 143 4 0 29 30 27 13 56 17 150 287 73 104
张梁 3 142 4 0 118 117 120 125 222 229 253 143 95 295
程远志 8 173 4 0 27 28 29 11 34 59 198 133 63 174
邓茂 8 163 4 0 236 235 234 220 64 286 217 227 150 272
马元义 6 157 4 0 71 72 73 23 31 101 187 247 237 163
赵弘 7 180 4 0 133 134 131 126 155 84 242 27 135 56
韩忠 9 180 5 0 292 291 290 296 252 152 129 280 201 183
孙夏 5 136 5 0 175 176 177 167 253 73 202 32 295 192
管亥 7 189 5 0 234 233 236 290 199 188 98 77 153 151
何仪 7 168 4 0 132 131 130 140 172 26 94 59 249 205
刘辟 9 180 5 0 183 184 185 195 28 122 69 120 169 292
龚都 9 193 4 0 40 39 38 36 165 215 151 266 279 99
裴元绍 7 155 5 0 156 155 154 108 188 259 232 262 244 145
高升 6 176 4 0 231 232 233 287 187 94 11 275 170 281
张闿 6 155 5 0 66 65 68 58 44 74 134 75 163 8
韩暹 7 166 4 0 59 60 61 51 105 27 188 132 12 180
李乐 6 129 4 0 221 222 219 258 243 197 140 255 101 202
杨奉 4 137 4 0 102 101 104 18 246 10 220 210 240 245
董承 5 191 5 0 2 1 4 22 272 223 189 250 39 57
王子服 10 167 5 0 227 228 229 255 291 34 276 236 238 38
李儒 8 202 5 0 166 165 168 174 189 49 58 211 224 96
陈宫 6 169 4 0 181 182 179 213 171 93 180 47 274 30
田丰 7 147 4 0 197 198 195 245 201 221 96 260 83 285
沮授 10 169 4 0 38 37 40 46 43 20 3 23 291 227
审配 7 147 5 0 285 286 283 19 159 168 182 232 10 197
许攸 8 160 4 0 254 253 256 274 295 35 79 92 282 294
郭图 9 168 5 0 12 11 10 28 210 196 63 230 59 1
逢纪 3 152 4 0 75 76 77 131 35 134 164 66 116 235
辛评 7 171 4 0 16 15 14 8 49 148 275 60 79 125
荀谌 5 174 5 0 280 279 278 252 86 210 185 292 142 249
辛毗 6 155 4 0 44 43 42 263 66 176 291 45 52 196
陈登 9 199 5 0 211 212 213 203 190 58 186 166 5 199
蒯良 10 188 4 0 233 234 231 289 195 238 212 64 3 251
王累 6 134 4 0 220 219 218 236 273 267 102 192 158 103
韩胤 7 167 5 0 205 206 203 194 241 283 135 54 20 132
沮鹄 9 168 4 0 1 2 298 21 61 106 174 278 125 12
杨弘 10 188 4 0 251 252 253 279 144 41 278 81 271 233
阎象 6 170 5 0 189 190 187 249 166 130 2 124 172 203
蒯越 5 178 5 0 105 106 103 161 59 112 261 86 89 269
伍孚 7 197 5 0 277 278 275 87 130 265 77 122 255 206
李傕 4 141 5 0 143 144 145 135 103 139 288 118 270 9
郭汜 6 160 5 0 178 177 180 170 204 179 10 259 134 232
颜良 7 158 5 0 168 167 166 176 93 285 20 253 218 84
文丑 9 174 4 0 54 53 56 42 94 61 60 205 230 250
潘凤 7 141 4 0 208 207 206 268 218 269 146 131 171 267
俞涉 9 186 5 0 137 138 135 154 151 214 39 123 289 61
武安国 5 146 4 0 116 115 114 128 298 247 80 164 75 229
穆顺 8 156 5 0 74 73 76 45 32 66 92 244 259 34
华雄 2 165 5 0 241 242 239 229 205 25 52 182 80 139
牛辅 7 146 4 0 108 107 106 156 84 202 298 176 191 83
张济 5 161 4 0 117 118 115 114 248 296 144 30 113 182
樊稠 9 151 4 0 31 32 33 281 71 248 45 10 84 65
胡轸 9 191 4 0 61 62 59 149 1 54 97 193 28 137
胡车儿 9 183 5 0 70 69 72 50 153 228 284 206 214 213
李肃 6 143 4 0 288 287 286 232 4 32 143 191 76 147
高顺 7 199 5 0 215 216 217 20 283 40 62 49 21 77
张任 4 187 5 0 190 189 192 250 211 87 170 152 82 115
高览 8 160 4 0 25 26 23 9 53 241 194 93 272 282
曹性 9 194 5 0 214 213 216 182 184 137 81 151 70 265
闵纯 8 161 4 0 282 281 284 67 267 51 171 84 254 25
纪灵 5 174 5 0 249 250 247 189 266 252 19 194 132 280
马休 9 185 4 0 23 24 25 71 11 99 230 38 278 162
马铁 9 124 4 0 96 95 94 84 68 192 197 21 131 166
高览 6 131 5 0 103 104 105 47 143 274 226 257 35 220
袁谭 8 188 5 0 123 124 125 99 111 206 22 137 152 261
袁熙 5 147 4 0 229 230 227 241 134 118 274 219 235 116
袁尚 6 164 5 0 253 254 251 273 175 294 118 168 232 150
高干 5 120 4 0 246 245 248 198 102 260 115 240 298 98
麴义 6 190 4 0 152 151 150 180 97 292 289 190 123 82
吕翔 11 183 4 0 209 210 207 201 136 11 78 276 81 15
吕旷 7 171 5 0 125 126 123 118 142 82 28 14 1 16
韩猛 9 151 5 0 273 274 271 253 220 45 294 104 145 239
淳于琼 9 139 4 0 18 17 20 102 67 83 72 73 226 171
焦触 6 160 5 0 127 128 129 115 91 95 270 187 107 51
张南 9 171 4 0 20 19 18 215 14 38 168 109 205 112
马延 11 173 4 0 230 229 232 225 286 261 23 12 54 81
雷薄 8 183 4 0 194 193 196 205 293 199 25 249 261 130
张勋 8 146 5 0 52 51 50 60 80 42 241 155 44 187
陈纪 7 157 5 0 113 114 111 89 46 222 100 106 117 244
桥蕤 9 181 5 0 213 214 211 181 228 57 50 15 53 70
郝萌 5 164 5 0 198 197 200 246 131 164 27 46 17 19
侯成 6 178 4 0 41 42 39 53 55 251 65 148 121 48
宋宪 7 157 5 0 86 85 88 34 280 24 47 105 46 275
魏续 8 195 4 0 271 272 273 283 169 195 250 11 251 212
成廉 10 177 5 0 243 244 245 239 221 279 128 144 174 193
蔡瑁 8 191 5 0 195 196 197 183 233 271 264 284 88 216
张允 6 193 4 0 82 81 84 94 78 125 223 62 190 152
黄祖 9 186 4 0 162 161 164 106 58 22 130 279 154 23
苏飞 6 174 5 0 281 282 279 31 245 293 30 239 85 231
吕公 9 184 4 0 169 170 167 177 271 278 136 119 183 289
侯选 5 143 5 0 176 175 174 168 235 44 51 108 104 298
程银 7 138 4 0 131 132 133 75 198 146 287 208 96 88
李堪 5 183 5 0 37 38 35 26 145 201 106 56 24 188
张横 7 177 5 0 53 54 51 41 25 90 119 201 213 283
梁兴 6 165 5 0 4 3 2 275 288 244 196 149 148 94
成宜 5 163 4 0 46 45 48 38 113 180 36 198 86 262
马玩 7 192 5 0 58 57 60 66 162 211 166 50 199 153
杨秋 6 142 4 0 270 269 272 262 226 235 127 258 143 32
张让 4 144 4 0 257 258 255 298 107 104 35 103 202 222
赵忠 8 171 5 0 124 123 122 100 223 19 225 189 60 121
封谞 11 180 4 0 15 16 17 7 50 89 99 213 87 209
段珪 6 160 5 0 45 46 43 74 3 273 31 44 187 149
曹节 8 135 4 0 35 36 37 39 75 254 257 157 103 101
侯览 5 154 5 0 218 217 220 186 208 258 247 222 168 73
蹇硕 9 150 4 0 65 66 63 57 110 43 41 150 7 31
程旷 5 149 5 0 258 257 260 221 177 218 32 270 296 100
夏恽 6 182 4 0 119 120 121 147 60 264 53 169 184 62
郭胜 5 178 5 0 188 187 186 172 156 234 59 185 56 37
吕伯奢 8 163 4 0 177 178 175 169 258 142 239 67 13 170
普净 8 192 5 0 212 211 210 204 69 88 233 136 11 271
华佗 5 118 4 0 115 116 117 127 297 159 246 101 98 190
于吉 7 146 4 0 83 84 85 95 163 18 157 146 197 108
左慈 2 172 5 0 43 44 45 293 38 65 149 8 47 68
吉平 3 175 5 0 185 186 183 158 129 100 280 188 207 17
