荀彧 0 0 0 0 171 172 173
荀攸 0 0 1 0 265 266 263
贾诩 0 0 1 0 278 277 280
郭嘉 0 0 2 0 136 135 134
程昱 0 0 1 0 210 209 212
戏志才 0 0 0 0 275 276 277
刘晔 0 0 0 0 11 12 13
蒋济 0 0 0 0 55 56 57
陈群 0 0 0 0 155 156 157
华歆 0 0 2 0 192 191 190
钟繇 0 0 1 0 17 18 15
满宠 0 0 1 0 154 153 156
董昭 0 0 1 0 297 298 295
王朗 0 0 0 0 203 204 205
崔琰 0 0 1 0 138 137 140
毛玠 0 0 1 0 158 157 160
杜畿 0 0 1 0 26 25 28
田畴 0 0 0 0 147 148 149
王修 0 0 1 0 49 50 47
杨修 0 0 1 0 106 105 108
辛毗 0 0 2 0 216 215 214
杨阜 0 0 2 0 36 35 34
田豫 0 0 2 0 260 259 258
王粲 0 0 2 0 184 183 182
蒯越 0 0 2 0 252 251 250
张继 0 0 1 0 77 78 75
杜袭 0 0 0 0 279 280 281
枣祗任峻 0 0 2 0 228 227 226
陈矫 0 0 1 0 261 262 259
郗虑 0 0 0 0 223 224 225
桓玠 0 0 1 0 142 141 144
丁仪 0 0 1 0 174 173 176
丁廙 0 0 1 0 97 98 95
司马朗 0 0 1 0 34 33 36
韩暨 0 0 1 0 6 5 8
韦康 0 0 0 0 235 236 237
邴原 0 0 2 0 172 171 170
赵俨 0 0 1 0 245 246 243
娄圭 0 0 0 0 63 64 65
贾逵 0 0 1 0 201 202 199
陈琳 0 0 2 0 8 7 6
司马懿 0 0 2 0 144 143 142
张辽 0 0 2 0 248 247 246
徐晃 0 0 2 0 196 195 194
夏侯惇 0 0 1 0 286 285 288
夏侯渊 0 0 2 0 140 139 138
庞德 0 0 0 0 7 8 9
张郃 0 0 2 0 224 223 222
李典 0 0 1 0 290 289 292
乐进 0 0 2 0 68 67 66
典韦 0 0 0 0 91 92 93
曹洪 0 0 0 0 19 20 21
曹仁 0 0 2 0 32 31 30
曹彰 0 0 2 0 256 255 254
曹纯 0 0 0 0 99 100 101
于禁 0 0 1 0 242 241 244
许褚 0 0 1 0 222 221 224
吕虔 0 0 1 0 150 149 152
李通 0 0 0 0 283 284 285
文聘 0 0 2 0 272 271 270
臧霸 0 0 2 0 204 203 202
郭淮 0 0 0 0 179 180 181
钟会 0 0 2 0 48 47 46
邓艾 0 0 0 0 95 96 97
曹休 0 0 0 0 51 52 53
张燕 0 0 1 0 237 238 235
张绣 0 0 1 0 94 93 96
朱灵 0 0 1 0 30 29 32
路昭 0 0 0 0 263 264 265
史涣 0 0 0 0 107 108 109
韩浩 0 0 1 0 157 158 155
王凌 0 0 0 0 139 140 141
孙礼 0 0 2 0 24 23 22
秦朗 0 0 0 0 255 256 257
郑文 0 0 2 0 268 267 266
夏侯尚 0 0 0 0 199 200 201
毌丘俭 0 0 2 0 92 91 90
诸葛诞 0 0 1 0 9 10 7
孙乾 0 0 2 0 84 83 82
简雍 0 0 1 0 85 86 83
糜竺 0 0 1 0 14 13 16
糜芳 0 0 1 0 21 22 19
庞统 0 0 0 0 67 68 69
法正 0 0 1 0 78 77 80
许靖 0 0 2 0 112 111 110
马良 0 0 2 0 240 239 238
徐庶 0 0 1 0 161 162 159
陈震 0 0 0 0 267 268 269
杨仪 0 0 0 0 239 240 241
费祎 0 0 1 0 42 41 44
蒋琬 0 0 0 0 287 288 289
孟优 0 0 1 0 238 237 240
黄皓 0 0 1 0 134 133 136
诸葛亮 0 0 0 0 163 164 165
关羽 0 0 1 0 206 205 208
张飞 0 0 1 0 33 34 31
马超 0 0 1 0 202 201 204
黄忠 0 0 0 0 159 160 161
赵云 0 0 1 0 217 218 215
魏延 0 0 1 0 165 166 163
关平 0 0 1 0 145 146 143
周仓 0 0 1 0 226 225 228
关兴 0 0 2 0 56 55 54
张苞 0 0 1 0 10 9 12
陈到 0 0 0 0 207 208 209
李严 0 0 1 0 69 70 67
姜维 0 0 1 0 109 110 107
廖化 0 0 2 0 180 179 178
马谡 0 0 1 0 122 121 124
马岱 0 0 0 0 295 296 297
陈式 0 0 1 0 153 154 151
雷铜 0 0 1 0 294 293 296
吴兰 0 0 1 0 101 102 99
王平 0 0 2 0 232 231 230
任夔 0 0 2 0 160 159 158
张翼 0 0 1 0 274 273 276
马忠 0 0 2 0 148 147 146
张南 0 0 1 0 170 169 172
冯习 0 0 0 0 291 292 293
傅佥 0 0 2 0 64 63 62
关索 0 0 1 0 173 174 171
陆逊 0 0 1 0 126 125 128
张昭 0 0 1 0 186 185 188
张紘 0 0 1 0 141 142 139
鲁肃 0 0 1 0 289 290 287
虞翻 0 0 1 0 250 249 252
顾雍 0 0 1 0 129 130 127
诸葛谨 0 0 1 0 81 82 79
诸葛恪 0 0 2 0 28 27 26
陆凯 0 0 1 0 293 294 291
骆统 0 0 2 0 104 103 102
周鲂 0 0 2 0 296 295 294
周瑜 0 0 2 0 264 263 262
吕蒙 0 0 1 0 149 150 147
甘宁 0 0 1 0 89 90 87
太史慈 0 0 2 0 200 199 198
程普 0 0 1 0 110 109 112
黄盖 0 0 2 0 72 71 70
韩当 0 0 1 0 50 49 52
周泰 0 0 0 0 167 168 169
蒋钦 0 0 0 0 247 248 249
丁奉 0 0 1 0 5 6 3
徐盛 0 0 1 0 13 14 11
陈武 0 0 1 0 98 97 100
凌操 0 0 0 0 187 188 189
凌统 0 0 1 0 298 297 1
潘璋 0 0 2 0 120 119 118
朱然 0 0 1 0 266 265 268
孙桓 0 0 1 0 90 89 92
马忠 0 0 1 0 114 113 116
孙韶 0 0 0 0 151 152 153
朱桓 0 0 1 0 22 21 24
夏恂 0 0 1 0 182 181 184
周平 0 0 1 0 57 58 55
全琮 0 0 1 0 193 194 191
于诠 0 0 0 0 87 88 89
张角 0 0 0 0 219 220 221
何进 0 0 2 0 284 283 282
董卓 0 0 2 0 164 163 162
袁绍 0 0 0 0 79 80 81
吕布 0 0 1 0 146 145 148
袁术 0 0 1 0 269 270 267
刘表 0 0 1 0 130 129 132
刘璋 0 0 1 0 62 61 64
马腾 0 0 1 0 93 94 91
张鲁 0 0 2 0 128 127 126
韩遂 0 0 2 0 244 243 242
公孙瓒 0 0 1 0 225 226 223
韩馥 0 0 2 0 80 79 78
刘岱 0 0 0 0 3 4 5
王匡 0 0 1 0 73 74 71
张邈 0 0 0 0 191 192 193
孔伷 0 0 0 0 259 260 261
陶谦 0 0 2 0 88 87 86
鲍信 0 0 0 0 47 48 49
桥瑁 0 0 0 0 135 136 137
袁遗 0 0 2 0 60 59 58
孔融 0 0 1 0 262 261 264
张超 0 0 2 0 76 75 74
张杨 0 0 2 0 276 275 274
刘度 0 0 1 0 121 122 119
赵范 0 0 2 0 100 99 98
金旋 0 0 0 0 39 40 41
韩玄 0 0 0 0 111 112 113
张宝 0 0 1 0 29 30 27
张梁 0 0 1 0 118 117 120
程远志 0 0 0 0 27 28 29
邓茂 0 0 2 0 236 235 234
马元义 0 0 0 0 71 72 73
赵弘 0 0 1 0 133 134 131
韩忠 0 0 2 0 292 291 290
孙夏 0 0 0 0 175 176 177
管亥 0 0 1 0 234 233 236
何仪 0 0 2 0 132 131 130
刘辟 0 0 0 0 183 184 185
龚都 0 0 2 0 40 39 38
裴元绍 0 0 2 0 156 155 154
高升 0 0 0 0 231 232 233
张闿 0 0 1 0 66 65 68
韩暹 0 0 0 0 59 60 61
李乐 0 0 1 0 221 222 219
杨奉 0 0 1 0 102 101 104
董承 0 0 1 0 2 1 4
王子服 0 0 0 0 227 228 229
李儒 0 0 1 0 166 165 168
陈宫 0 0 1 0 181 182 179
田丰 0 0 1 0 197 198 195
沮授 0 0 1 0 38 37 40
审配 0 0 1 0 285 286 283
许攸 0 0 1 0 254 253 256
郭图 0 0 2 0 12 11 10
逢纪 0 0 0 0 75 76 77
辛评 0 0 2 0 16 15 14
荀谌 0 0 2 0 280 279 278
辛毗 0 0 2 0 44 43 42
陈登 0 0 0 0 211 212 213
蒯良 0 0 1 0 233 234 231
王累 0 0 2 0 220 219 218
韩胤 0 0 1 0 205 206 203
沮鹄 0 0 1 0 1 2 298
杨弘 0 0 0 0 251 252 253
阎象 0 0 1 0 189 190 187
蒯越 0 0 1 0 105 106 103
伍孚 0 0 1 0 277 278 275
李傕 0 0 0 0 143 144 145
郭汜 0 0 1 0 178 177 180
颜良 0 0 2 0 168 167 166
文丑 0 0 1 0 54 53 56
潘凤 0 0 2 0 208 207 206
俞涉 0 0 1 0 137 138 135
武安国 0 0 2 0 116 115 114
穆顺 0 0 1 0 74 73 76
华雄 0 0 1 0 241 242 239
牛辅 0 0 2 0 108 107 106
张济 0 0 1 0 117 118 115
樊稠 0 0 0 0 31 32 33
胡轸 0 0 1 0 61 62 59
胡车儿 0 0 1 0 70 69 72
李肃 0 0 2 0 288 287 286
高顺 0 0 0 0 215 216 217
张任 0 0 1 0 190 189 192
高览 0 0 1 0 25 26 23
曹性 0 0 1 0 214 213 216
闵纯 0 0 1 0 282 281 284
纪灵 0 0 1 0 249 250 247
马休 0 0 0 0 23 24 25
马铁 0 0 2 0 96 95 94
高览 0 0 0 0 103 104 105
袁谭 0 0 0 0 123 124 125
袁熙 0 0 1 0 229 230 227
袁尚 0 0 1 0 253 254 251
高干 0 0 1 0 246 245 248
麴义 0 0 2 0 152 151 150
吕翔 0 0 1 0 209 210 207
吕旷 0 0 1 0 125 126 123
韩猛 0 0 1 0 273 274 271
淳于琼 0 0 1 0 18 17 20
焦触 0 0 0 0 127 128 129
张南 0 0 2 0 20 19 18
马延 0 0 1 0 230 229 232
雷薄 0 0 1 0 194 193 196
张勋 0 0 2 0 52 51 50
陈纪 0 0 1 0 113 114 111
桥蕤 0 0 1 0 213 214 211
郝萌 0 0 1 0 198 197 200
侯成 0 0 1 0 41 42 39
宋宪 0 0 1 0 86 85 88
魏续 0 0 0 0 271 272 273
成廉 0 0 0 0 243 244 245
蔡瑁 0 0 0 0 195 196 197
张允 0 0 1 0 82 81 84
黄祖 0 0 1 0 162 161 164
苏飞 0 0 1 0 281 282 279
吕公 0 0 1 0 169 170 167
侯选 0 0 2 0 176 175 174
程银 0 0 0 0 131 132 133
李堪 0 0 1 0 37 38 35
张横 0 0 1 0 53 54 51
梁兴 0 0 2 0 4 3 2
成宜 0 0 1 0 46 45 48
马玩 0 0 1 0 58 57 60
杨秋 0 0 1 0 270 269 272
张让 0 0 1 0 257 258 255
赵忠 0 0 2 0 124 123 122
封谞 0 0 0 0 15 16 17
段珪 0 0 1 0 45 46 43
曹节 0 0 0 0 35 36 37
侯览 0 0 1 0 218 217 220
蹇硕 0 0 1 0 65 66 63
程旷 0 0 1 0 258 257 260
夏恽 0 0 0 0 119 120 121
郭胜 0 0 2 0 188 187 186
吕伯奢 0 0 1 0 177 178 175
普净 0 0 2 0 212 211 210
华佗 0 0 0 0 115 116 117
于吉 0 0 0 0 83 84 85
左慈 0 0 0 0 43 44 45
吉平 0 0 1 0 185 186 183
