1 2 4 1 
2 6 8 1 
3 10 12 2 
4 14 16 1 
5 18 20 3 
6 22 24 1 
7 26 28 2 
8 30 32 1 
9 34 36 3 
10 38 40 3 
11 42 44 2 
12 46 48 3 
13 50 52 1 
14 54 56 2 
15 58 60 1 
16 62 64 2 
17 66 68 1 
18 70 72 1 
19 74 76 2 
20 78 80 1 
21 82 84 1 
22 86 88 3 
23 90 92 1 
24 94 96 1 
25 98 100 1 
26 102 104 3 
27 106 108 1 
28 110 112 3 
29 114 116 1 
30 118 120 3 
31 122 124 1 
32 126 128 1 
33 130 132 2 
34 134 136 3 
35 138 140 2 
36 142 144 3 
37 146 148 3 
38 150 152 2 
39 154 156 1 
40 158 160 3 
41 162 164 1 
42 166 168 1 
43 170 172 2 
44 174 176 1 
45 178 180 2 
46 182 184 2 
47 186 188 2 
48 190 192 1 
49 194 196 2 
50 198 200 3 
51 202 204 3 
52 206 208 1 
53 210 212 3 
54 214 216 2 
55 218 220 2 
56 222 224 3 
57 226 228 3 
58 230 232 1 
59 234 236 2 
60 238 240 1 
61 242 244 1 
62 246 248 3 
63 250 252 1 
64 254 256 3 
65 258 260 2 
66 262 264 3 
67 266 268 1 
68 270 272 3 
69 274 276 3 
70 278 280 1 
71 282 284 3 
72 286 288 1 
73 290 292 2 
74 294 296 2 
75 298 1 3 
76 3 5 2 
77 7 9 1 
78 11 13 1 
79 15 17 1 
80 19 21 3 
81 23 25 1 
82 27 29 1 
83 31 33 3 
84 35 37 2 
85 39 41 2 
86 43 45 2 
87 47 49 3 
88 51 53 2 
89 55 57 2 
90 59 61 2 
91 63 65 2 
92 67 69 3 
93 71 73 1 
94 75 77 3 
95 79 81 2 
96 83 85 3 
97 87 89 1 
98 91 93 2 
99 95 97 3 
100 99 101 1 
101 103 105 3 
102 107 109 2 
103 111 113 1 
104 115 117 3 
105 119 121 2 
106 123 125 1 
107 127 129 3 
108 131 133 3 
109 135 137 3 
110 139 141 3 
111 143 145 3 
112 147 149 2 
113 151 153 2 
114 155 157 2 
115 159 161 3 
116 163 165 3 
117 167 169 2 
118 171 173 3 
119 175 177 2 
120 179 181 2 
121 183 185 1 
122 187 189 3 
123 191 193 3 
124 195 197 1 
125 199 201 3 
126 203 205 2 
127 207 209 3 
128 211 213 2 
129 215 217 1 
130 219 221 2 
131 223 225 3 
132 227 229 1 
133 231 233 2 
134 235 237 2 
135 239 241 1 
136 243 245 1 
137 247 249 3 
138 251 253 1 
139 255 257 1 
140 259 261 3 
141 263 265 2 
142 267 269 3 
143 271 273 1 
144 275 277 3 
145 279 281 1 
146 283 285 1 
147 287 289 2 
148 291 293 2 
149 295 297 2 
