张角 1 1 1 0 14 13 16
张宝 1 1 2 0 40 39 38
张梁 1 1 0 0 53 54 55
马元义 1 1 2 0 52 51 50
唐周 1 1 1 0 50 49 52
何进 1 1 1 0 47 48 45
卢植 1 1 2 0 28 27 26
皇甫嵩 1 1 1 0 43 44 41
朱隽 1 1 2 0 48 47 46
刘焉 1 1 1 0 6 5 8
邹靖 1 1 1 0 59 60 57
刘备 1 1 0 0 41 42 43
刘元起 1 1 2 0 32 31 30
郑玄 1 1 1 0 2 1 4
张飞 1 1 0 0 29 30 31
关羽 1 1 0 0 49 50 51
张世平 1 1 1 0 51 52 49
苏双 1 1 2 0 12 11 10
程远志 1 1 2 0 20 19 18
邓茂 1 1 0 0 33 34 35
龚景 1 1 2 0 24 23 22
曹操 1 1 0 0 9 10 11
乔玄 1 1 1 0 31 32 29
何颙 1 1 1 0 11 12 9
许邵 1 1 1 0 42 41 44
蹇硕 1 1 1 0 27 28 25
左丰 1 1 0 0 57 58 59
董卓 1 1 1 0 7 8 5
高升 1 1 1 0 55 56 53
严政 1 1 1 0 26 25 28
赵弘 1 1 1 0 34 33 36
韩忠 1 1 0 0 21 22 23
孙仲 1 1 1 0 19 20 17
孙坚 1 1 1 0 39 40 37
许昌 1 1 1 0 18 17 20
许韶 1 1 1 0 35 36 33
张钧 1 1 2 0 16 15 14
督邮 1 1 1 0 30 29 32
刘恢 1 1 2 0 36 35 34
张让 1 1 1 0 38 37 40
区星 1 1 0 0 13 14 15
张举 1 1 1 0 54 53 56
张纯 1 1 1 0 23 24 21
刘陶 1 1 0 0 17 18 19
陈耽 1 1 0 0 25 26 27
刘虞 1 1 0 0 5 6 7
公孙瓒 1 1 0 0 45 46 47
刘辨 1 1 0 0 1 2 3
刘协 1 1 2 0 4 3 2
潘隐 1 1 2 0 8 7 6
陈琳 1 1 1 0 15 16 13
牛辅 1 1 1 0 10 9 12
李傕 1 1 2 0 44 43 42
郭汜 1 1 1 0 46 45 48
张济 1 1 1 0 58 57 60
樊稠 1 1 1 0 22 21 24
李儒 1 1 2 0 60 59 58
袁术 1 1 1 0 3 4 1
段珪 1 1 0 0 37 38 39
吴匡 1 1 2 0 56 55 54
