1 51 张世平 8 41 刘备 8 
2 52 马元义 8 37 段珪 8 
3 44 李傕 8 49 关羽 8 
4 55 高升 8 33 邓茂 8 
5 60 李儒 8 23 张纯 8 
6 58 张济 8 17 刘陶 8 
7 16 张钧 8 19 孙仲 8 
8 28 卢植 8 8 潘隐 8 
9 32 刘元起 8 4 刘协 8 
10 20 程远志 7 53 张梁 7 
11 26 严政 7 27 蹇硕 7 
12 43 皇甫嵩 7 21 韩忠 7 
13 24 龚景 7 35 许韶 7 
14 54 张举 7 42 许邵 7 
15 25 陈耽 7 39 孙坚 7 
16 40 张宝 7 6 刘焉 7 
17 45 公孙瓒 7 12 苏双 7 
18 50 唐周 7 18 许昌 7 
19 15 陈琳 7 30 督邮 7 
20 38 张让 7 10 牛辅 7 
21 59 邹靖 6 3 袁术 7 
22 56 吴匡 6 22 樊稠 6 
23 36 刘恢 6 57 左丰 6 
24 48 朱隽 6 14 张角 6 
25 31 乔玄 6 46 郭汜 6 
26 47 何进 6 29 张飞 6 
27 34 赵弘 6 7 董卓 6 
28 11 何颙 6 5 刘虞 6 
29 13 区星 6 2 郑玄 6 
30 9 曹操 6 1 刘辨 5 
