张角 0 0 1 0 14 13
张宝 0 0 1 0 40 39
张梁 0 0 0 0 53 54
马元义 0 0 1 0 52 51
唐周 0 0 1 0 50 49
何进 0 0 0 0 47 48
卢植 0 0 1 0 28 27
皇甫嵩 0 0 0 0 43 44
朱隽 0 0 1 0 48 47
刘焉 0 0 1 0 6 5
邹靖 0 0 0 0 59 60
刘备 0 0 0 0 41 42
刘元起 0 0 1 0 32 31
郑玄 0 0 1 0 2 1
张飞 0 0 0 0 29 30
关羽 0 0 0 0 49 50
张世平 0 0 0 0 51 52
苏双 0 0 1 0 12 11
程远志 0 0 1 0 20 19
邓茂 0 0 0 0 33 34
龚景 0 0 1 0 24 23
曹操 0 0 0 0 9 10
乔玄 0 0 0 0 31 32
何颙 0 0 0 0 11 12
许邵 0 0 1 0 42 41
蹇硕 0 0 0 0 27 28
左丰 0 0 0 0 57 58
董卓 0 0 0 0 7 8
高升 0 0 0 0 55 56
严政 0 0 1 0 26 25
赵弘 0 0 1 0 34 33
韩忠 0 0 0 0 21 22
孙仲 0 0 0 0 19 20
孙坚 0 0 0 0 39 40
许昌 0 0 1 0 18 17
许韶 0 0 0 0 35 36
张钧 0 0 1 0 16 15
督邮 0 0 1 0 30 29
刘恢 0 0 1 0 36 35
张让 0 0 1 0 38 37
区星 0 0 0 0 13 14
张举 0 0 1 0 54 53
张纯 0 0 0 0 23 24
刘陶 0 0 0 0 17 18
陈耽 0 0 0 0 25 26
刘虞 0 0 0 0 5 6
公孙瓒 0 0 0 0 45 46
刘辨 0 0 0 0 1 2
刘协 0 0 1 0 4 3
潘隐 0 0 1 0 8 7
陈琳 0 0 0 0 15 16
牛辅 0 0 1 0 10 9
李傕 0 0 1 0 44 43
郭汜 0 0 1 0 46 45
张济 0 0 1 0 58 57
樊稠 0 0 1 0 22 21
李儒 0 0 1 0 60 59
袁术 0 0 0 0 3 4
段珪 0 0 0 0 37 38
吴匡 0 0 1 0 56 55
