张角 6 91 4 0 14 13 16 11 8 20 12 55
张宝 6 91 4 0 40 39 38 44 46 37 34 54
张梁 6 91 4 0 53 54 55 49 51 56 6 50
马元义 6 91 5 0 52 51 50 48 60 46 44 59
唐周 6 91 3 0 50 49 52 47 54 45 56 53
何进 6 91 3 0 47 48 45 50 43 42 54 51
卢植 6 91 4 0 28 27 26 24 20 59 36 31
皇甫嵩 6 91 3 0 43 44 41 46 47 51 4 42
朱隽 6 91 6 0 48 47 46 52 42 38 60 32
刘焉 6 91 3 0 6 5 8 3 4 57 53 45
邹靖 6 91 6 0 59 60 57 4 12 28 58 52
刘备 6 91 3 0 41 42 43 45 33 49 35 29
刘元起 6 91 5 0 32 31 30 36 26 22 20 48
郑玄 5 84 1 0 2 1 4 57 49 33 3
张飞 6 91 2 0 29 30 31 25 23 34 39 41
关羽 6 90 4 0 49 50 51 53 2 41 42 57
张世平 6 91 4 0 51 52 49 54 53 43 45 47
苏双 6 91 3 0 12 11 10 8 59 16 14 15
程远志 6 91 4 0 20 19 18 16 28 14 32 24
邓茂 6 90 3 0 33 34 35 37 41 2 23 9
龚景 6 91 5 0 24 23 22 28 30 21 18 20
曹操 6 90 3 0 9 10 11 13 1 3 5 33
乔玄 6 91 5 0 31 32 29 34 27 26 30 28
何颙 6 91 4 0 11 12 9 14 15 7 10 8
许邵 6 91 2 0 42 41 44 39 48 47 49 43
蹇硕 6 91 3 0 27 28 25 30 31 23 37 21
左丰 6 90 4 0 57 58 59 2 55 6 16 49
董卓 6 91 1 0 7 8 5 10 13 11 19 23
高升 6 91 4 0 55 56 53 58 57 4 8 14
严政 6 91 3 0 26 25 28 23 32 31 21 30
赵弘 6 91 3 0 34 33 36 31 38 29 40 37
韩忠 6 91 2 0 21 22 23 17 19 24 26 27
孙仲 6 91 3 0 19 20 17 22 21 25 7 13
孙坚 6 91 4 0 39 40 37 42 45 35 29 38
许昌 6 91 3 0 18 17 20 15 22 13 24 25
许韶 6 91 2 0 35 36 33 38 37 39 41 10
张钧 6 91 4 0 16 15 14 20 10 12 57 22
督邮 6 91 4 0 30 29 32 27 24 36 31 26
刘恢 6 91 5 0 36 35 34 32 44 30 28 60
张让 6 91 3 0 38 37 40 35 34 48 46 39
区星 6 91 2 0 13 14 15 9 7 18 25 19
张举 6 91 5 0 54 53 56 51 50 58 47 40
张纯 6 91 2 0 23 24 21 26 29 27 33 7
刘陶 6 90 3 0 17 18 19 21 25 1 3 5
陈耽 6 91 4 0 25 26 27 29 17 19 13 18
刘虞 6 90 2 0 5 6 7 1 3 8 9 17
公孙瓒 6 91 3 0 45 46 47 41 39 50 51 6
刘辨 5 84 1 0 1 2 3 5 9 17 4
刘协 6 90 2 0 4 3 2 59 6 55 43 1
潘隐 6 91 3 0 8 7 6 12 14 5 55 11
陈琳 6 91 4 0 15 16 13 18 11 10 22 12
牛辅 6 91 2 0 10 9 12 7 16 15 11 35
李傕 6 91 4 0 44 43 42 40 36 60 52 56
郭汜 6 91 4 0 46 45 48 43 40 52 38 58
张济 6 91 5 0 58 57 60 55 56 54 59 46
樊稠 6 91 5 0 22 21 24 19 18 32 15 16
李儒 6 91 6 0 60 59 58 56 52 44 48 36
袁术 6 90 2 0 3 4 1 6 5 9 17 2
段珪 6 91 4 0 37 38 39 33 35 40 27 34
吴匡 6 91 5 0 56 55 54 60 58 53 50 44
