张角 6 50 5 0 14 13 16 11 8 20 12 55 48
张宝 7 49 4 0 40 39 38 44 46 37 34 54 6
张梁 7 51 5 0 53 54 55 49 51 56 6 50 20
马元义 8 49 5 0 52 51 50 48 60 46 44 59 37
唐周 7 49 3 0 50 49 52 47 54 45 56 53 18
何进 6 49 3 0 47 48 45 50 43 42 54 51 29
卢植 8 46 4 0 28 27 26 24 20 59 36 31 8
皇甫嵩 7 51 3 0 43 44 41 46 47 51 4 42 21
朱隽 6 50 6 0 48 47 46 52 42 38 60 32 14
刘焉 7 49 4 0 6 5 8 3 4 57 53 45 40
邹靖 6 53 6 0 59 60 57 4 12 28 58 52 3
刘备 8 50 4 0 41 42 43 45 33 49 35 29 51
刘元起 8 45 5 0 32 31 30 36 26 22 20 48 4
郑玄 6 42 2 0 2 1 4 57 49 33 3 13
张飞 6 49 3 0 29 30 31 25 23 34 39 41 47
关羽 8 49 5 0 49 50 51 53 2 41 42 57 44
张世平 8 50 4 0 51 52 49 54 53 43 45 47 41
苏双 7 48 4 0 12 11 10 8 59 16 14 15 45
程远志 7 52 4 0 20 19 18 16 28 14 32 24 53
邓茂 8 49 4 0 33 34 35 37 41 2 23 9 55
龚景 7 50 5 0 24 23 22 28 30 21 18 20 35
曹操 6 45 3 0 9 10 11 13 1 3 5 33 1
乔玄 6 49 5 0 31 32 29 34 27 26 30 28 46
何颙 6 47 4 0 11 12 9 14 15 7 10 8 5
许邵 7 50 3 0 42 41 44 39 48 47 49 43 54
蹇硕 7 51 4 0 27 28 25 30 31 23 37 21 26
左丰 6 51 5 0 57 58 59 2 55 6 16 49 36
董卓 6 49 2 0 7 8 5 10 13 11 19 23 34
高升 8 49 4 0 55 56 53 58 57 4 8 14 33
严政 7 51 3 0 26 25 28 23 32 31 21 30 27
赵弘 6 48 3 0 34 33 36 31 38 29 40 37 7
韩忠 7 51 3 0 21 22 23 17 19 24 26 27 43
孙仲 8 47 4 0 19 20 17 22 21 25 7 13 16
孙坚 7 49 5 0 39 40 37 42 45 35 29 38 25
许昌 7 48 4 0 18 17 20 15 22 13 24 25 50
许韶 7 51 3 0 35 36 33 38 37 39 41 10 24
张钧 8 46 4 0 16 15 14 20 10 12 57 22 19
督邮 7 47 5 0 30 29 32 27 24 36 31 26 15
刘恢 6 52 5 0 36 35 34 32 44 30 28 60 57
张让 7 47 3 0 38 37 40 35 34 48 46 39 10
区星 6 47 2 0 13 14 15 9 7 18 25 19 2
张举 7 49 5 0 54 53 56 51 50 58 47 40 42
张纯 8 48 3 0 23 24 21 26 29 27 33 7 60
刘陶 8 47 4 0 17 18 19 21 25 1 3 5 58
陈耽 7 49 4 0 25 26 27 29 17 19 13 18 39
刘虞 6 47 3 0 5 6 7 1 3 8 9 17 11
公孙瓒 7 49 3 0 45 46 47 41 39 50 51 6 12
刘辨 5 41 2 0 1 2 3 5 9 17 4 9
刘协 8 46 3 0 4 3 2 59 6 55 43 1 32
潘隐 8 46 4 0 8 7 6 12 14 5 55 11 28
陈琳 7 47 4 0 15 16 13 18 11 10 22 12 30
牛辅 7 47 3 0 10 9 12 7 16 15 11 35 38
李傕 8 49 4 0 44 43 42 40 36 60 52 56 49
郭汜 6 50 5 0 46 45 48 43 40 52 38 58 31
张济 8 47 5 0 58 57 60 55 56 54 59 46 17
樊稠 6 52 6 0 22 21 24 19 18 32 15 16 56
李儒 8 48 6 0 60 59 58 56 52 44 48 36 23
袁术 7 46 3 0 3 4 1 6 5 9 17 2 59
段珪 8 49 5 0 37 38 39 33 35 40 27 34 52
吴匡 6 53 5 0 56 55 54 60 58 53 50 44 22
