张角 3 14 3 0 14 13 16 11 8
张宝 3 14 2 0 40 39 38 44 46
张梁 3 14 2 0 53 54 55 49 51
马元义 3 14 3 0 52 51 50 48 60
唐周 3 14 2 0 50 49 52 47 54
何进 3 14 2 0 47 48 45 50 43
卢植 3 14 4 0 28 27 26 24 20
皇甫嵩 3 14 1 0 43 44 41 46 47
朱隽 3 14 3 0 48 47 46 52 42
刘焉 3 14 3 0 6 5 8 3 4
邹靖 3 14 3 0 59 60 57 4 12
刘备 3 14 1 0 41 42 43 45 33
刘元起 3 14 3 0 32 31 30 36 26
郑玄 3 14 1 0 2 1 4 57 49
张飞 3 14 2 0 29 30 31 25 23
关羽 3 14 1 0 49 50 51 53 2
张世平 3 14 1 0 51 52 49 54 53
苏双 3 14 3 0 12 11 10 8 59
程远志 3 14 3 0 20 19 18 16 28
邓茂 3 14 0 0 33 34 35 37 41
龚景 3 14 2 0 24 23 22 28 30
曹操 3 14 1 0 9 10 11 13 1
乔玄 3 14 2 0 31 32 29 34 27
何颙 3 14 1 0 11 12 9 14 15
许邵 3 14 2 0 42 41 44 39 48
蹇硕 3 14 1 0 27 28 25 30 31
左丰 3 14 2 0 57 58 59 2 55
董卓 3 14 1 0 7 8 5 10 13
高升 3 14 1 0 55 56 53 58 57
严政 3 14 2 0 26 25 28 23 32
赵弘 3 14 2 0 34 33 36 31 38
韩忠 3 14 2 0 21 22 23 17 19
孙仲 3 14 1 0 19 20 17 22 21
孙坚 3 14 1 0 39 40 37 42 45
许昌 3 14 2 0 18 17 20 15 22
许韶 3 14 1 0 35 36 33 38 37
张钧 3 14 3 0 16 15 14 20 10
督邮 3 14 3 0 30 29 32 27 24
刘恢 3 14 3 0 36 35 34 32 44
张让 3 14 3 0 38 37 40 35 34
区星 3 14 2 0 13 14 15 9 7
张举 3 14 3 0 54 53 56 51 50
张纯 3 14 1 0 23 24 21 26 29
刘陶 3 14 0 0 17 18 19 21 25
陈耽 3 14 1 0 25 26 27 29 17
刘虞 3 14 2 0 5 6 7 1 3
公孙瓒 3 14 2 0 45 46 47 41 39
刘辨 3 14 0 0 1 2 3 5 9
刘协 3 14 2 0 4 3 2 59 6
潘隐 3 14 2 0 8 7 6 12 14
陈琳 3 14 2 0 15 16 13 18 11
牛辅 3 14 2 0 10 9 12 7 16
李傕 3 14 4 0 44 43 42 40 36
郭汜 3 14 3 0 46 45 48 43 40
张济 3 14 3 0 58 57 60 55 56
樊稠 3 14 3 0 22 21 24 19 18
李儒 3 14 4 0 60 59 58 56 52
袁术 3 14 1 0 3 4 1 6 5
段珪 3 14 2 0 37 38 39 33 35
吴匡 3 14 2 0 56 55 54 60 58
