张角 4 30 3 0 14 13 16 11 8 20
张宝 4 30 3 0 40 39 38 44 46 37
张梁 4 30 2 0 53 54 55 49 51 56
马元义 4 30 4 0 52 51 50 48 60 46
唐周 4 30 3 0 50 49 52 47 54 45
何进 4 30 3 0 47 48 45 50 43 42
卢植 4 30 4 0 28 27 26 24 20 59
皇甫嵩 4 30 1 0 43 44 41 46 47 51
朱隽 4 30 4 0 48 47 46 52 42 38
刘焉 4 30 3 0 6 5 8 3 4 57
邹靖 4 30 4 0 59 60 57 4 12 28
刘备 4 30 1 0 41 42 43 45 33 49
刘元起 4 30 4 0 32 31 30 36 26 22
郑玄 4 30 1 0 2 1 4 57 49 33
张飞 4 30 2 0 29 30 31 25 23 34
关羽 4 30 2 0 49 50 51 53 2 41
张世平 4 30 2 0 51 52 49 54 53 43
苏双 4 30 3 0 12 11 10 8 59 16
程远志 4 30 4 0 20 19 18 16 28 14
邓茂 4 30 1 0 33 34 35 37 41 2
龚景 4 30 3 0 24 23 22 28 30 21
曹操 4 30 2 0 9 10 11 13 1 3
乔玄 4 30 3 0 31 32 29 34 27 26
何颙 4 30 2 0 11 12 9 14 15 7
许邵 4 30 2 0 42 41 44 39 48 47
蹇硕 4 30 2 0 27 28 25 30 31 23
左丰 4 30 3 0 57 58 59 2 55 6
董卓 4 30 1 0 7 8 5 10 13 11
高升 4 30 2 0 55 56 53 58 57 4
严政 4 30 2 0 26 25 28 23 32 31
赵弘 4 30 3 0 34 33 36 31 38 29
韩忠 4 30 2 0 21 22 23 17 19 24
孙仲 4 30 1 0 19 20 17 22 21 25
孙坚 4 30 2 0 39 40 37 42 45 35
许昌 4 30 3 0 18 17 20 15 22 13
许韶 4 30 1 0 35 36 33 38 37 39
张钧 4 30 4 0 16 15 14 20 10 12
督邮 4 30 3 0 30 29 32 27 24 36
刘恢 4 30 4 0 36 35 34 32 44 30
张让 4 30 3 0 38 37 40 35 34 48
区星 4 30 2 0 13 14 15 9 7 18
张举 4 30 3 0 54 53 56 51 50 58
张纯 4 30 1 0 23 24 21 26 29 27
刘陶 4 30 1 0 17 18 19 21 25 1
陈耽 4 30 2 0 25 26 27 29 17 19
刘虞 4 30 2 0 5 6 7 1 3 8
公孙瓒 4 30 2 0 45 46 47 41 39 50
刘辨 4 30 0 0 1 2 3 5 9 17
刘协 4 30 2 0 4 3 2 59 6 55
潘隐 4 30 3 0 8 7 6 12 14 5
陈琳 4 30 3 0 15 16 13 18 11 10
牛辅 4 30 2 0 10 9 12 7 16 15
李傕 4 30 4 0 44 43 42 40 36 60
郭汜 4 30 3 0 46 45 48 43 40 52
张济 4 30 4 0 58 57 60 55 56 54
樊稠 4 30 3 0 22 21 24 19 18 32
李儒 4 30 5 0 60 59 58 56 52 44
袁术 4 30 1 0 3 4 1 6 5 9
段珪 4 30 2 0 37 38 39 33 35 40
吴匡 4 30 3 0 56 55 54 60 58 53
