张角 2 5 2 0 14 13 16 11
张宝 2 5 2 0 40 39 38 44
张梁 2 5 1 0 53 54 55 49
马元义 2 5 3 0 52 51 50 48
唐周 2 5 2 0 50 49 52 47
何进 2 5 1 0 47 48 45 50
卢植 2 5 3 0 28 27 26 24
皇甫嵩 2 5 1 0 43 44 41 46
朱隽 2 5 2 0 48 47 46 52
刘焉 2 5 2 0 6 5 8 3
邹靖 2 5 2 0 59 60 57 4
刘备 2 5 0 0 41 42 43 45
刘元起 2 5 2 0 32 31 30 36
郑玄 2 5 1 0 2 1 4 57
张飞 2 5 1 0 29 30 31 25
关羽 2 5 0 0 49 50 51 53
张世平 2 5 1 0 51 52 49 54
苏双 2 5 3 0 12 11 10 8
程远志 2 5 3 0 20 19 18 16
邓茂 2 5 0 0 33 34 35 37
龚景 2 5 2 0 24 23 22 28
曹操 2 5 0 0 9 10 11 13
乔玄 2 5 1 0 31 32 29 34
何颙 2 5 1 0 11 12 9 14
许邵 2 5 2 0 42 41 44 39
蹇硕 2 5 1 0 27 28 25 30
左丰 2 5 1 0 57 58 59 2
董卓 2 5 1 0 7 8 5 10
高升 2 5 1 0 55 56 53 58
严政 2 5 2 0 26 25 28 23
赵弘 2 5 2 0 34 33 36 31
韩忠 2 5 1 0 21 22 23 17
孙仲 2 5 1 0 19 20 17 22
孙坚 2 5 1 0 39 40 37 42
许昌 2 5 2 0 18 17 20 15
许韶 2 5 1 0 35 36 33 38
张钧 2 5 2 0 16 15 14 20
督邮 2 5 2 0 30 29 32 27
刘恢 2 5 3 0 36 35 34 32
张让 2 5 2 0 38 37 40 35
区星 2 5 1 0 13 14 15 9
张举 2 5 2 0 54 53 56 51
张纯 2 5 1 0 23 24 21 26
刘陶 2 5 0 0 17 18 19 21
陈耽 2 5 0 0 25 26 27 29
刘虞 2 5 1 0 5 6 7 1
公孙瓒 2 5 1 0 45 46 47 41
刘辨 2 5 0 0 1 2 3 5
刘协 2 5 2 0 4 3 2 59
潘隐 2 5 2 0 8 7 6 12
陈琳 2 5 1 0 15 16 13 18
牛辅 2 5 2 0 10 9 12 7
李傕 2 5 3 0 44 43 42 40
郭汜 2 5 2 0 46 45 48 43
张济 2 5 2 0 58 57 60 55
樊稠 2 5 2 0 22 21 24 19
李儒 2 5 3 0 60 59 58 56
袁术 2 5 1 0 3 4 1 6
段珪 2 5 1 0 37 38 39 33
吴匡 2 5 2 0 56 55 54 60
