1 67 260 1 
2 204 272 1 
3 126 137 1 
4 41 283 1 
5 52 192 3 
6 213 175 2 
7 234 28 3 
8 265 194 3 
9 1 220 3 
10 95 269 1 
11 21 87 3 
12 151 132 2 
13 119 149 3 
14 261 37 1 
15 242 82 2 
16 104 22 2 
17 81 159 3 
18 216 240 1 
19 111 34 1 
20 282 30 3 
21 176 273 3 
22 158 148 1 
23 186 168 2 
24 206 209 1 
25 80 130 2 
26 128 131 2 
27 222 266 3 
28 197 248 2 
29 109 287 1 
30 59 258 2 
31 86 61 1 
32 31 143 2 
33 190 14 2 
34 229 18 2 
35 76 170 3 
36 70 51 3 
37 226 2 2 
38 57 71 3 
39 115 181 1 
40 42 189 3 
41 94 62 3 
42 249 60 2 
43 252 105 2 
44 153 110 3 
45 270 245 2 
46 264 98 1 
47 55 225 2 
48 146 63 2 
49 4 112 3 
50 90 133 1 
51 139 16 3 
52 7 232 3 
53 88 44 3 
54 163 156 2 
55 40 207 1 
56 166 290 1 
57 241 199 3 
58 20 227 1 
59 26 289 2 
60 294 246 1 
61 219 46 3 
62 193 172 3 
63 274 253 3 
64 297 75 1 
65 155 3 3 
66 262 152 1 
67 79 73 3 
68 195 93 3 
69 10 113 3 
70 162 255 2 
71 271 24 2 
72 69 275 3 
73 36 116 3 
74 91 180 1 
75 198 205 1 
76 32 25 3 
77 13 107 2 
78 231 263 2 
79 43 53 1 
80 196 85 2 
81 11 114 1 
82 292 92 2 
83 169 154 2 
84 9 296 1 
85 129 188 1 
86 174 211 1 
87 12 29 3 
88 208 136 3 
89 64 118 3 
90 257 164 1 
91 145 185 1 
92 103 140 2 
93 278 99 1 
94 182 237 1 
95 120 285 3 
96 217 223 3 
97 106 221 3 
98 250 236 1 
99 8 6 1 
100 48 251 1 
101 224 141 1 
102 35 157 2 
103 102 167 1 
104 238 200 2 
105 49 178 3 
106 276 161 3 
107 293 100 1 
108 33 259 3 
109 230 239 1 
110 215 171 2 
111 38 84 3 
112 56 187 1 
113 267 233 2 
114 244 27 3 
115 108 39 1 
116 96 15 3 
117 17 254 2 
118 138 72 3 
119 247 78 3 
120 23 125 3 
121 121 295 1 
122 45 77 2 
123 68 83 3 
124 65 177 3 
125 160 243 1 
126 117 288 2 
127 202 279 1 
128 286 150 3 
129 127 191 2 
130 122 19 3 
131 144 277 2 
132 298 47 1 
133 89 183 3 
134 147 291 1 
135 235 58 3 
136 54 124 3 
137 228 135 3 
138 184 74 1 
139 256 203 3 
140 280 268 3 
141 173 50 1 
142 134 214 2 
143 142 165 1 
144 201 123 2 
145 218 101 1 
146 284 97 1 
147 5 212 3 
148 210 179 3 
149 66 281 2 
