荀彧 1 14 3 0 37 38 27 19 210
荀攸 6 11 1 0 41 42 9 90 98
贾诩 3 14 3 0 237 238 235 197 65
郭嘉 2 17 2 0 62 61 58 291 139
程昱 3 15 1 0 31 32 33 277 69
戏志才 5 10 2 0 273 274 279 181 126
刘晔 2 14 1 0 167 168 165 200 223
蒋济 6 12 2 0 213 214 209 225 204
陈群 4 12 3 0 282 281 286 204 255
华歆 2 10 2 0 297 298 2 42 212
钟繇 2 19 2 0 198 197 188 208 138
满宠 1 16 1 0 19 20 17 37 43
董昭 3 12 3 0 295 296 289 293 78
王朗 3 17 1 0 131 132 135 287 92
崔琰 5 12 2 0 148 147 152 129 7
毛玠 3 13 2 0 136 135 132 210 154
杜畿 4 14 1 0 87 88 107 59 146
田畴 3 17 3 0 34 33 32 12 120
王修 3 15 2 0 12 11 6 34 215
杨修 3 13 3 0 48 47 52 32 244
辛毗 5 11 1 0 137 138 139 235 197
杨阜 3 16 2 0 241 242 247 215 230
田豫 2 11 1 0 141 142 125 149 227
王粲 1 19 2 0 184 183 190 134 123
蒯越 2 12 2 0 280 279 292 17 238
张继 2 16 2 0 57 58 61 233 284
杜袭 2 13 2 0 10 9 8 239 26
枣祗任峻 1 11 2 0 101 102 97 49 224
陈矫 3 14 2 0 254 253 252 278 36
郗虑 3 16 3 0 3 4 298 272 152
桓玠 1 16 2 0 60 59 56 152 97
丁仪 2 18 1 0 205 206 211 289 142
丁廙 4 12 1 0 59 60 65 87 239
司马朗 0 13 3 0 292 291 280 268 100
韩暨 2 14 1 0 127 128 129 165 27
韦康 2 13 2 0 135 136 131 161 14
邴原 3 15 2 0 193 194 191 201 129
赵俨 1 18 2 0 246 245 238 22 274
娄圭 2 13 2 0 163 164 155 151 253
贾逵 5 15 2 0 52 51 48 194 1
陈琳 0 18 2 0 281 282 285 203 256
司马懿 4 11 2 0 109 110 111 99 61
张辽 3 13 2 0 118 117 122 111 128
徐晃 2 14 1 0 145 146 153 115 165
夏侯惇 1 16 1 0 89 90 91 5 134
夏侯渊 2 16 3 0 102 101 98 162 64
庞德 2 17 3 0 142 141 126 130 205
张郃 3 13 1 0 71 72 79 93 275
李典 3 11 2 0 91 92 89 128 84
乐进 5 13 2 0 55 56 45 234 75
典韦 1 17 1 0 23 24 21 56 114
曹洪 1 14 2 0 250 249 260 262 191
曹仁 4 10 3 0 188 187 198 175 140
曹彰 4 14 3 0 225 226 223 213 168
曹纯 3 10 2 0 49 50 35 101 217
于禁 4 14 2 0 270 269 274 266 296
许褚 2 16 1 0 110 109 112 139 177
吕虔 2 14 2 0 261 262 271 249 247
李通 2 20 2 0 189 190 195 159 291
文聘 4 10 2 0 206 205 212 61 285
臧霸 4 13 1 0 39 40 43 27 156
郭淮 0 16 2 0 256 255 258 227 281
钟会 3 15 2 0 68 67 66 212 76
邓艾 4 16 2 0 271 272 261 259 158
曹休 4 15 1 0 88 87 108 96 259
张燕 3 16 3 0 92 91 90 76 131
张绣 0 14 3 0 150 149 160 105 122
朱灵 4 15 1 0 28 27 38 29 79
路昭 2 16 2 0 177 178 183 121 110
史涣 2 16 2 0 144 143 134 176 196
韩浩 3 12 3 0 294 293 288 224 58
王凌 3 15 2 0 106 105 104 108 226
孙礼 3 13 1 0 32 31 34 48 63
秦朗 2 17 1 0 187 188 197 251 266
郑文 6 12 2 0 245 246 255 6 195
夏侯尚 4 12 1 0 6 5 12 245 192
毌丘俭 2 12 1 0 99 100 113 109 298
诸葛诞 2 12 2 0 231 232 233 25 13
孙乾 5 14 1 0 75 76 83 143 55
简雍 4 15 2 0 259 260 249 271 88
糜竺 4 12 2 0 255 256 245 247 282
糜芳 4 14 2 0 264 263 278 283 155
庞统 3 13 1 0 221 222 229 267 181
法正 3 13 3 0 128 127 130 91 118
许靖 4 11 1 0 151 152 147 163 171
马良 1 14 3 0 77 78 53 43 50
徐庶 3 14 2 0 248 247 242 66 252
陈震 2 19 1 0 147 148 151 155 257
杨仪 3 17 2 0 279 280 273 288 219
费祎 5 11 3 0 220 219 218 230 186
蒋琬 2 17 1 0 266 265 268 270 187
孟优 4 10 2 0 140 139 138 160 188
黄皓 2 11 2 0 227 228 215 256 141
诸葛亮 4 11 3 0 149 150 143 141 24
关羽 2 16 2 0 284 283 276 286 57
张飞 2 11 2 0 105 106 103 150 268
马超 3 11 3 0 116 115 114 50 199
黄忠 3 16 2 0 54 53 78 132 35
赵云 4 12 2 0 90 89 92 41 113
魏延 5 12 3 0 278 277 264 254 133
关平 3 13 2 0 63 64 69 53 32
周仓 1 19 3 0 212 211 206 68 297
关兴 5 11 2 0 186 185 182 244 220
张苞 4 16 1 0 9 10 41 45 29
陈到 5 13 2 0 234 233 232 55 33
李严 3 16 2 0 15 16 13 18 2
姜维 3 14 1 0 157 158 161 97 267
廖化 3 11 2 0 84 83 94 73 91
马谡 1 13 1 0 74 73 76 85 263
马岱 3 14 2 0 65 66 59 33 237
陈式 4 13 3 0 44 43 40 38 209
雷铜 2 15 2 0 96 95 100 88 107
吴兰 6 13 1 0 67 68 73 290 104
王平 4 13 4 0 162 161 158 102 112
任夔 3 16 1 0 2 1 297 51 15
张翼 6 13 2 0 104 103 106 117 67
马忠 4 14 0 0 81 82 85 103 115
张南 4 11 1 0 121 122 133 177 119
冯习 2 13 2 0 251 252 253 187 175
傅佥 1 15 3 0 164 163 156 236 85
关索 5 13 1 0 242 241 248 252 265
陆逊 3 15 3 0 76 75 74 92 68
张昭 2 16 3 0 196 195 210 185 144
张紘 1 15 1 0 277 278 263 31 5
鲁肃 3 13 3 0 154 153 146 180 136
虞翻 1 17 2 0 218 217 220 222 214
顾雍 2 13 1 0 14 13 16 26 135
诸葛谨 5 17 2 0 169 170 159 216 194
诸葛恪 1 15 3 0 66 65 68 248 8
陆凯 2 13 1 0 25 26 29 231 276
骆统 3 15 3 0 226 225 236 214 106
周鲂 1 15 2 0 85 86 81 74 164
周瑜 4 13 2 0 156 155 164 166 39
吕蒙 3 13 2 0 222 221 230 218 262
甘宁 3 14 2 0 56 55 60 23 235
太史慈 2 13 3 0 26 25 30 14 10
程普 2 13 1 0 276 275 284 285 25
黄盖 4 11 0 0 119 120 123 171 121
韩当 2 14 3 0 207 208 203 192 161
周泰 2 14 2 0 165 166 167 127 145
蒋钦 3 16 3 0 152 151 148 60 3
丁奉 1 13 1 0 47 48 51 191 153
徐盛 4 12 3 0 113 114 99 98 90
陈武 4 13 2 0 17 18 19 280 283
凌操 5 16 2 0 18 17 20 15 40
凌统 4 12 1 0 239 240 243 10 59
潘璋 2 17 1 0 45 46 55 9 185
朱然 3 13 3 0 262 261 272 250 222
孙桓 5 12 3 0 133 134 121 126 278
马忠 4 14 2 0 16 15 14 4 80
孙韶 3 12 2 0 78 77 54 124 295
朱桓 4 11 2 0 171 172 179 119 151
夏恂 0 12 4 0 100 99 96 94 292
周平 3 17 1 0 219 220 217 229 279
全琮 2 16 1 0 203 204 207 281 228
于诠 4 12 2 0 38 37 28 44 70
张角 1 14 2 0 50 49 36 116 77
何进 1 17 1 0 97 98 101 157 60
董卓 0 15 2 0 122 121 118 178 150
袁绍 1 19 2 0 123 124 119 172 184
吕布 5 10 4 0 180 179 172 154 124
袁术 3 17 3 0 120 119 124 114 34
刘表 3 13 4 0 236 235 226 164 108
刘璋 1 15 2 0 173 174 175 125 243
马腾 4 13 2 0 283 284 275 264 17
张鲁 3 15 3 0 232 231 234 69 229
韩遂 2 14 1 0 247 248 241 255 261
公孙瓒 3 15 2 0 229 230 221 219 232
韩馥 1 17 1 0 214 213 224 226 218
刘岱 2 11 2 0 46 45 42 86 249
王匡 4 15 3 0 170 169 178 138 30
张邈 4 13 2 0 174 173 176 183 86
孔伷 5 13 2 0 33 34 31 65 234
陶谦 1 16 1 0 125 126 141 173 293
鲍信 4 11 3 0 24 23 22 20 149
桥瑁 3 15 2 0 69 70 63 232 31
袁遗 2 14 2 0 223 224 225 209 167
孔融 1 19 2 0 179 180 171 182 42
张超 5 16 3 0 40 39 44 36 18
张杨 3 13 3 0 108 107 88 106 236
刘度 3 14 1 0 73 74 67 84 93
赵范 4 13 3 0 20 19 18 24 202
金旋 1 11 3 0 224 223 214 294 101
韩玄 2 17 2 0 185 186 181 196 45
张宝 2 15 3 0 107 108 87 72 96
张梁 5 14 3 0 132 131 136 54 95
程远志 2 12 3 0 160 159 150 140 178
邓茂 6 12 1 0 204 203 208 282 213
马元义 3 12 1 0 199 200 201 217 116
赵弘 2 19 1 0 257 258 265 70 147
韩忠 3 15 1 0 129 130 127 148 193
孙夏 3 13 0 0 181 182 185 273 221
管亥 2 11 2 0 268 267 266 292 105
何仪 4 15 2 0 30 29 26 260 170
刘辟 3 14 2 0 267 268 269 221 157
龚都 2 12 1 0 238 237 246 253 280
裴元绍 3 15 2 0 235 236 237 137 56
高升 4 16 2 0 4 3 291 16 240
张闿 5 16 2 0 269 270 267 265 288
韩暹 4 15 1 0 290 289 296 67 159
李乐 1 14 1 0 191 192 193 47 250
杨奉 1 17 2 0 114 113 116 120 23
董承 4 13 3 0 112 111 110 80 162
王子服 3 11 1 0 217 218 219 199 49
李儒 4 16 2 0 158 157 162 195 271
陈宫 3 15 3 0 230 229 222 220 241
田丰 2 12 3 0 94 93 84 100 11
沮授 1 16 1 0 293 294 287 295 125
审配 2 15 2 0 200 199 202 167 72
许攸 2 13 3 0 253 254 251 238 163
郭图 1 14 3 0 210 209 196 136 37
逢纪 4 14 1 0 115 116 117 145 81
辛评 2 12 1 0 298 297 3 13 99
荀谌 3 9 2 0 291 292 4 62 189
辛毗 1 16 2 0 134 133 144 184 89
陈登 3 16 3 0 201 202 199 193 182
蒯良 4 14 3 0 166 165 168 156 130
王累 5 16 3 0 288 287 294 279 269
韩胤 4 17 2 0 117 118 115 104 211
沮鹄 4 12 3 0 86 85 82 46 174
杨弘 3 14 3 0 252 251 254 242 248
阎象 4 14 3 0 296 295 290 64 270
蒯越 2 16 2 0 64 63 70 296 102
伍孚 1 17 3 0 274 273 270 8 246
李傕 2 19 2 0 138 137 140 170 198
郭汜 6 10 2 0 98 97 102 113 41
颜良 3 12 1 0 21 22 23 211 53
文丑 5 12 2 0 7 8 1 58 148
潘凤 2 15 2 0 72 71 80 107 200
俞涉 1 14 1 0 263 264 277 275 74
武安国 2 12 4 0 178 177 170 122 160
穆顺 2 12 2 0 11 12 5 258 94
华雄 4 14 1 0 209 210 213 223 44
牛辅 4 14 2 0 146 145 154 240 87
张济 4 14 3 0 176 175 174 144 260
樊稠 3 13 1 0 275 276 283 263 71
胡轸 4 15 2 0 79 80 71 83 28
胡车儿 5 15 2 0 272 271 262 3 143
李肃 4 16 4 0 286 285 282 284 208
高顺 2 14 0 0 27 28 37 39 127
张任 5 10 1 0 126 125 142 133 273
高览 5 13 2 0 265 266 257 269 242
曹性 5 14 2 0 216 215 228 169 287
闵纯 2 12 1 0 13 14 15 298 231
纪灵 4 12 3 0 70 69 64 257 38
马休 4 15 1 0 159 160 169 189 290
马铁 3 17 2 0 172 171 180 123 111
高览 4 14 4 0 260 259 250 30 176
袁谭 1 13 1 0 153 154 145 243 47
袁熙 4 14 3 0 80 79 72 112 16
袁尚 4 16 3 0 240 239 244 146 4
高干 3 16 2 0 182 181 186 179 201
麴义 4 16 3 0 208 207 204 198 286
吕翔 5 14 2 0 287 288 293 131 216
吕旷 3 12 3 0 58 57 62 7 294
韩猛 5 11 1 0 197 198 187 237 137
淳于琼 3 12 1 0 53 54 77 63 21
焦触 3 14 2 0 93 94 95 71 73
张南 5 16 3 0 194 193 192 52 169
马延 5 16 1 0 1 2 7 35 52
雷薄 4 15 2 0 29 30 25 28 9
张勋 5 9 2 0 211 212 205 21 117
陈纪 2 16 2 0 289 290 295 205 233
桥蕤 2 13 1 0 175 176 173 188 251
郝萌 2 15 3 0 228 227 216 190 203
侯成 3 15 3 0 51 52 47 2 22
宋宪 2 14 2 0 161 162 157 135 207
魏续 3 14 2 0 36 35 50 40 254
成廉 3 16 1 0 215 216 227 241 12
蔡瑁 1 18 2 0 42 41 46 297 179
张允 2 18 2 0 103 104 105 81 83
黄祖 4 9 2 0 190 189 184 228 258
苏飞 3 17 2 0 111 112 109 118 172
吕公 3 16 1 0 35 36 49 1 54
侯选 1 16 2 0 43 44 39 77 19
程银 4 11 1 0 61 62 57 206 109
李堪 4 14 1 0 155 156 163 147 264
张横 6 9 2 0 183 184 177 174 82
梁兴 2 17 3 0 139 140 137 110 62
成宜 1 15 2 0 8 7 10 274 66
马玩 4 14 2 0 168 167 166 202 225
杨秋 2 12 1 0 249 250 259 261 46
张让 5 15 2 0 143 144 149 75 272
赵忠 3 13 3 0 244 243 240 186 48
封谞 6 11 2 0 195 196 189 158 245
段珪 5 14 2 0 95 96 93 82 132
曹节 5 10 3 0 124 123 120 78 180
侯览 1 15 2 0 243 244 239 153 173
蹇硕 1 15 1 0 5 6 11 89 277
程旷 4 10 3 0 285 286 281 276 206
夏恽 4 12 2 0 192 191 194 207 6
郭胜 4 14 2 0 130 129 128 142 166
吕伯奢 2 18 2 0 83 84 75 79 103
普净 4 8 3 0 258 257 256 11 190
华佗 3 15 2 0 22 21 24 246 51
于吉 2 16 1 0 233 234 231 57 289
左慈 5 17 2 0 82 81 86 95 183
吉平 4 13 3 0 202 201 200 168 20
