1 41 67 3 
2 283 126 2 
3 272 52 2 
4 194 204 3 
5 269 242 1 
6 95 192 3 
7 260 98 1 
8 248 119 3 
9 57 82 3 
10 265 264 1 
11 213 240 1 
12 270 216 3 
13 234 81 1 
14 111 132 3 
15 109 4 1 
16 34 273 1 
17 159 148 2 
18 21 287 1 
19 137 220 1 
20 80 22 3 
21 170 63 2 
22 175 258 1 
23 116 104 3 
24 1 225 1 
25 197 245 3 
26 133 282 3 
27 112 61 3 
28 59 16 2 
29 7 87 3 
30 130 155 1 
31 211 151 3 
32 255 28 3 
33 168 206 1 
34 266 139 1 
35 76 229 2 
36 14 226 2 
37 128 207 1 
38 222 136 1 
39 289 261 3 
40 169 146 2 
41 55 90 2 
42 113 75 3 
43 143 92 2 
44 154 30 2 
45 176 239 1 
46 18 158 2 
47 186 115 1 
48 44 3 2 
49 209 69 2 
50 64 31 3 
51 70 180 2 
52 20 131 2 
53 10 12 1 
54 149 51 1 
55 163 275 2 
56 71 190 3 
57 88 199 3 
58 60 236 1 
59 62 42 3 
60 172 294 2 
61 105 94 3 
62 224 153 3 
63 117 37 3 
64 290 9 2 
65 33 40 3 
66 156 118 1 
67 86 219 1 
68 188 79 1 
69 215 278 2 
70 198 232 3 
71 189 129 1 
72 262 174 2 
73 120 241 3 
74 56 73 2 
75 162 181 3 
76 35 296 3 
77 237 185 2 
78 252 164 1 
79 110 36 2 
80 13 223 1 
81 227 196 1 
82 27 249 3 
83 263 285 2 
84 141 43 2 
85 25 48 1 
86 195 152 3 
87 183 271 3 
88 230 103 2 
89 257 24 2 
90 147 205 3 
91 286 106 2 
92 171 32 2 
93 2 279 1 
94 187 166 3 
95 84 274 3 
96 26 267 1 
97 53 202 2 
98 145 6 1 
99 193 182 2 
100 99 254 2 
101 17 65 1 
102 217 140 3 
103 23 91 3 
104 107 246 2 
105 85 78 1 
106 250 150 1 
107 157 46 3 
108 253 231 1 
109 122 297 3 
110 288 208 3 
111 259 93 2 
112 29 221 1 
113 38 39 2 
114 54 108 3 
115 121 138 3 
116 228 247 3 
117 15 124 1 
118 201 114 3 
119 125 96 3 
120 72 102 3 
121 8 19 1 
122 291 277 2 
123 251 184 1 
124 200 127 2 
125 256 11 3 
126 178 293 3 
127 191 77 2 
128 161 167 3 
129 238 276 3 
130 49 47 1 
131 100 142 2 
132 292 244 2 
133 58 83 3 
134 235 68 2 
135 177 218 1 
136 135 144 3 
137 295 203 2 
138 298 50 2 
139 243 233 3 
140 45 284 2 
141 123 160 3 
142 179 173 2 
143 268 74 2 
144 280 165 2 
145 89 66 1 
146 212 101 1 
147 210 214 3 
148 134 5 2 
149 281 97 2 
