荀彧 0 2 1 0 37 38 27
荀攸 2 0 1 0 41 42 9
贾诩 2 0 1 0 237 238 235
郭嘉 1 1 2 0 62 61 58
程昱 1 1 0 0 31 32 33
戏志才 2 0 0 0 273 274 279
刘晔 0 2 1 0 167 168 165
蒋济 2 0 1 0 213 214 209
陈群 2 0 1 0 282 281 286
华歆 1 1 1 0 297 298 2
钟繇 1 1 2 0 198 197 188
满宠 0 2 1 0 19 20 17
董昭 0 2 1 0 295 296 289
王朗 1 1 0 0 131 132 135
崔琰 1 1 1 0 148 147 152
毛玠 1 1 2 0 136 135 132
杜畿 1 1 0 0 87 88 107
田畴 1 1 2 0 34 33 32
王修 2 0 2 0 12 11 6
杨修 2 0 1 0 48 47 52
辛毗 1 1 0 0 137 138 139
杨阜 1 1 0 0 241 242 247
田豫 0 2 1 0 141 142 125
王粲 0 2 1 0 184 183 190
蒯越 0 2 1 0 280 279 292
张继 1 1 0 0 57 58 61
杜袭 0 2 2 0 10 9 8
枣祗任峻 0 2 1 0 101 102 97
陈矫 2 0 2 0 254 253 252
郗虑 1 1 1 0 3 4 298
桓玠 0 2 2 0 60 59 56
丁仪 1 1 0 0 205 206 211
丁廙 2 0 0 0 59 60 65
司马朗 0 2 2 0 292 291 280
韩暨 1 1 0 0 127 128 129
韦康 1 1 1 0 135 136 131
邴原 0 2 1 0 193 194 191
赵俨 0 2 2 0 246 245 238
娄圭 1 1 1 0 163 164 155
贾逵 2 0 2 0 52 51 48
陈琳 0 2 0 0 281 282 285
司马懿 1 1 0 0 109 110 111
张辽 0 2 1 0 118 117 122
徐晃 0 2 0 0 145 146 153
夏侯惇 0 2 0 0 89 90 91
夏侯渊 2 0 2 0 102 101 98
庞德 2 0 2 0 142 141 126
张郃 1 1 0 0 71 72 79
李典 0 2 1 0 91 92 89
乐进 2 0 1 0 55 56 45
典韦 1 1 1 0 23 24 21
曹洪 1 1 1 0 250 249 260
曹仁 1 1 1 0 188 187 198
曹彰 2 0 1 0 225 226 223
曹纯 1 1 1 0 49 50 35
于禁 0 2 1 0 270 269 274
许褚 1 1 1 0 110 109 112
吕虔 1 1 0 0 261 262 271
李通 2 0 0 0 189 190 195
文聘 1 1 1 0 206 205 212
臧霸 0 2 0 0 39 40 43
郭淮 0 2 1 0 256 255 258
钟会 0 2 2 0 68 67 66
邓艾 1 1 1 0 271 272 261
曹休 1 1 1 0 88 87 108
张燕 2 0 2 0 92 91 90
张绣 0 2 1 0 150 149 160
朱灵 2 0 1 0 28 27 38
路昭 2 0 0 0 177 178 183
史涣 0 2 2 0 144 143 134
韩浩 1 1 2 0 294 293 288
王凌 2 0 2 0 106 105 104
孙礼 1 1 1 0 32 31 34
秦朗 1 1 0 0 187 188 197
郑文 2 0 0 0 245 246 255
夏侯尚 2 0 1 0 6 5 12
毌丘俭 2 0 0 0 99 100 113
诸葛诞 0 2 0 0 231 232 233
孙乾 2 0 0 0 75 76 83
简雍 1 1 1 0 259 260 249
糜竺 2 0 1 0 255 256 245
糜芳 2 0 1 0 264 263 278
庞统 1 1 0 0 221 222 229
法正 1 1 1 0 128 127 130
许靖 1 1 1 0 151 152 147
马良 0 2 1 0 77 78 53
徐庶 1 1 2 0 248 247 242
陈震 1 1 0 0 147 148 151
杨仪 2 0 1 0 279 280 273
费祎 1 1 2 0 220 219 218
蒋琬 0 2 1 0 266 265 268
孟优 1 1 2 0 140 139 138
黄皓 0 2 1 0 227 228 215
诸葛亮 2 0 1 0 149 150 143
关羽 1 1 2 0 284 283 276
张飞 0 2 1 0 105 106 103
马超 0 2 2 0 116 115 114
黄忠 2 0 1 0 54 53 78
赵云 2 0 1 0 90 89 92
魏延 2 0 2 0 278 277 264
关平 1 1 0 0 63 64 69
周仓 1 1 2 0 212 211 206
关兴 1 1 2 0 186 185 182
张苞 2 0 0 0 9 10 41
陈到 2 0 2 0 234 233 232
李严 1 1 1 0 15 16 13
姜维 0 2 0 0 157 158 161
廖化 0 2 1 0 84 83 94
马谡 0 2 1 0 74 73 76
马岱 2 0 1 0 65 66 59
陈式 2 0 2 0 44 43 40
雷铜 0 2 1 0 96 95 100
吴兰 2 0 0 0 67 68 73
王平 2 0 2 0 162 161 158
任夔 0 2 1 0 2 1 297
张翼 2 0 1 0 104 103 106
马忠 0 2 0 0 81 82 85
张南 2 0 0 0 121 122 133
冯习 0 2 0 0 251 252 253
傅佥 1 1 2 0 164 163 156
关索 1 1 1 0 242 241 248
陆逊 0 2 2 0 76 75 74
张昭 0 2 1 0 196 195 210
张紘 0 2 1 0 277 278 263
鲁肃 2 0 2 0 154 153 146
虞翻 1 1 1 0 218 217 220
顾雍 1 1 1 0 14 13 16
诸葛谨 2 0 1 0 169 170 159
诸葛恪 0 2 1 0 66 65 68
陆凯 1 1 0 0 25 26 29
骆统 0 2 1 0 226 225 236
周鲂 0 2 1 0 85 86 81
周瑜 1 1 1 0 156 155 164
吕蒙 1 1 1 0 222 221 230
甘宁 0 2 1 0 56 55 60
太史慈 1 1 1 0 26 25 30
程普 1 1 1 0 276 275 284
黄盖 1 1 0 0 119 120 123
韩当 0 2 1 0 207 208 203
周泰 0 2 0 0 165 166 167
蒋钦 1 1 2 0 152 151 148
丁奉 0 2 0 0 47 48 51
徐盛 2 0 1 0 113 114 99
陈武 0 2 0 0 17 18 19
凌操 2 0 1 0 18 17 20
凌统 0 2 0 0 239 240 243
潘璋 2 0 0 0 45 46 55
朱然 1 1 1 0 262 261 272
孙桓 2 0 1 0 133 134 121
马忠 1 1 2 0 16 15 14
孙韶 2 0 2 0 78 77 54
朱桓 1 1 0 0 171 172 179
夏恂 0 2 2 0 100 99 96
周平 1 1 1 0 219 220 217
全琮 0 2 0 0 203 204 207
于诠 2 0 2 0 38 37 28
张角 1 1 2 0 50 49 36
何进 0 2 0 0 97 98 101
董卓 0 2 2 0 122 121 118
袁绍 1 1 1 0 123 124 119
吕布 1 1 2 0 180 179 172
袁术 1 1 1 0 120 119 124
刘表 0 2 2 0 236 235 226
刘璋 0 2 0 0 173 174 175
马腾 1 1 1 0 283 284 275
张鲁 2 0 1 0 232 231 234
韩遂 1 1 1 0 247 248 241
公孙瓒 1 1 1 0 229 230 221
韩馥 0 2 1 0 214 213 224
刘岱 0 2 2 0 46 45 42
王匡 0 2 1 0 170 169 178
张邈 2 0 1 0 174 173 176
孔伷 1 1 1 0 33 34 31
陶谦 0 2 0 0 125 126 141
鲍信 1 1 2 0 24 23 22
桥瑁 1 1 1 0 69 70 63
袁遗 2 0 0 0 223 224 225
孔融 1 1 1 0 179 180 171
张超 2 0 1 0 40 39 44
张杨 1 1 2 0 108 107 88
刘度 2 0 1 0 73 74 67
赵范 2 0 2 0 20 19 18
金旋 0 2 2 0 224 223 214
韩玄 1 1 1 0 185 186 181
张宝 1 1 1 0 107 108 87
张梁 1 1 1 0 132 131 136
程远志 0 2 2 0 160 159 150
邓茂 2 0 1 0 204 203 208
马元义 1 1 0 0 199 200 201
赵弘 2 0 0 0 257 258 265
韩忠 1 1 1 0 129 130 127
孙夏 1 1 0 0 181 182 185
管亥 0 2 2 0 268 267 266
何仪 1 1 2 0 30 29 26
刘辟 2 0 0 0 267 268 269
龚都 0 2 1 0 238 237 246
裴元绍 2 0 0 0 235 236 237
高升 1 1 1 0 4 3 291
张闿 2 0 1 0 269 270 267
韩暹 2 0 1 0 290 289 296
李乐 0 2 0 0 191 192 193
杨奉 0 2 1 0 114 113 116
董承 1 1 2 0 112 111 110
王子服 1 1 0 0 217 218 219
李儒 2 0 1 0 158 157 162
陈宫 1 1 2 0 230 229 222
田丰 0 2 2 0 94 93 84
沮授 1 1 1 0 293 294 287
审配 1 1 1 0 200 199 202
许攸 0 2 1 0 253 254 251
郭图 0 2 2 0 210 209 196
逢纪 2 0 0 0 115 116 117
辛评 1 1 1 0 298 297 3
荀谌 2 0 1 0 291 292 4
辛毗 0 2 1 0 134 133 144
陈登 1 1 1 0 201 202 199
蒯良 2 0 1 0 166 165 168
王累 1 1 1 0 288 287 294
韩胤 2 0 1 0 117 118 115
沮鹄 2 0 2 0 86 85 82
杨弘 2 0 1 0 252 251 254
阎象 2 0 2 0 296 295 290
蒯越 1 1 1 0 64 63 70
伍孚 0 2 2 0 274 273 270
李傕 1 1 1 0 138 137 140
郭汜 2 0 1 0 98 97 102
颜良 1 1 0 0 21 22 23
文丑 2 0 1 0 7 8 1
潘凤 1 1 1 0 72 71 80
俞涉 0 2 0 0 263 264 277
武安国 0 2 2 0 178 177 170
穆顺 0 2 1 0 11 12 5
华雄 2 0 0 0 209 210 213
牛辅 2 0 1 0 146 145 154
张济 2 0 2 0 176 175 174
樊稠 1 1 0 0 275 276 283
胡轸 1 1 1 0 79 80 71
胡车儿 1 1 2 0 272 271 262
李肃 2 0 2 0 286 285 282
高顺 0 2 0 0 27 28 37
张任 2 0 1 0 126 125 142
高览 2 0 1 0 265 266 257
曹性 2 0 1 0 216 215 228
闵纯 1 1 0 0 13 14 15
纪灵 1 1 2 0 70 69 64
马休 2 0 0 0 159 160 169
马铁 1 1 1 0 172 171 180
高览 1 1 2 0 260 259 250
袁谭 0 2 1 0 153 154 145
袁熙 1 1 2 0 80 79 72
袁尚 2 0 1 0 240 239 244
高干 1 1 1 0 182 181 186
麴义 2 0 2 0 208 207 204
吕翔 1 1 0 0 287 288 293
吕旷 1 1 1 0 58 57 62
韩猛 1 1 1 0 197 198 187
淳于琼 0 2 0 0 53 54 77
焦触 2 0 0 0 93 94 95
张南 2 0 2 0 194 193 192
马延 2 0 0 0 1 2 7
雷薄 1 1 1 0 29 30 25
张勋 1 1 1 0 211 212 205
陈纪 0 2 0 0 289 290 295
桥蕤 0 2 1 0 175 176 173
郝萌 2 0 2 0 228 227 216
侯成 0 2 1 0 51 52 47
宋宪 0 2 1 0 161 162 157
魏续 1 1 1 0 36 35 50
成廉 0 2 0 0 215 216 227
蔡瑁 0 2 1 0 42 41 46
张允 0 2 0 0 103 104 105
黄祖 0 2 2 0 190 189 184
苏飞 1 1 1 0 111 112 109
吕公 1 1 0 0 35 36 49
侯选 0 2 1 0 43 44 39
程银 1 1 1 0 61 62 57
李堪 1 1 0 0 155 156 163
张横 2 0 1 0 183 184 177
梁兴 1 1 1 0 139 140 137
成宜 0 2 1 0 8 7 10
马玩 2 0 2 0 168 167 166
杨秋 1 1 0 0 249 250 259
张让 2 0 0 0 143 144 149
赵忠 2 0 2 0 244 243 240
封谞 2 0 1 0 195 196 189
段珪 2 0 1 0 95 96 93
曹节 1 1 2 0 124 123 120
侯览 0 2 1 0 243 244 239
蹇硕 0 2 0 0 5 6 11
程旷 0 2 1 0 285 286 281
夏恽 2 0 1 0 192 191 194
郭胜 1 1 2 0 130 129 128
吕伯奢 2 0 1 0 83 84 75
普净 0 2 2 0 258 257 256
华佗 1 1 1 0 22 21 24
于吉 0 2 1 0 233 234 231
左慈 2 0 1 0 82 81 86
吉平 1 1 2 0 202 201 200
