荀彧 6 69 3 0 37 38 27 19 210 280 227 208
荀攸 11 110 4 0 41 42 9 90 98 245 204 194
贾诩 6 88 3 0 237 238 235 197 65 296 88 275
郭嘉 5 81 3 0 62 61 58 291 139 200 137 8
程昱 8 88 3 0 31 32 33 277 69 229 287 206
戏志才 9 94 4 0 273 274 279 181 126 56 278 98
刘晔 5 73 4 0 167 168 165 200 223 160 127 150
蒋济 9 106 4 0 213 214 209 225 204 195 55 75
陈群 10 97 3 0 282 281 286 204 255 148 245 283
华歆 4 65 4 0 297 298 2 42 212 224 268 101
钟繇 6 106 4 0 198 197 188 208 138 190 33 152
满宠 4 82 3 0 19 20 17 37 43 243 289 141
董昭 4 75 4 0 295 296 289 293 78 77 231 161
王朗 6 97 3 0 131 132 135 287 92 187 93 24
崔琰 8 94 3 0 148 147 152 129 7 282 255 287
毛玠 7 80 4 0 136 135 132 210 154 157 8 60
杜畿 8 101 2 0 87 88 107 59 146 93 129 115
田畴 7 98 3 0 34 33 32 12 120 80 192 158
王修 7 90 5 0 12 11 6 34 215 207 244 170
杨修 5 80 3 0 48 47 52 32 244 125 134 127
辛毗 7 88 3 0 137 138 139 235 197 248 62 70
杨阜 6 92 4 0 241 242 247 215 230 168 22 56
田豫 4 82 3 0 141 142 125 149 227 251 256 19
王粲 5 84 4 0 184 183 190 134 123 172 207 42
蒯越 3 74 4 0 280 279 292 17 238 37 253 191
张继 8 73 4 0 57 58 61 233 284 108 94 222
杜袭 8 89 4 0 10 9 8 239 26 107 24 76
枣祗任峻 4 58 3 0 101 102 97 49 224 179 247 297
陈矫 4 94 3 0 254 253 252 278 36 164 23 144
郗虑 7 97 3 0 3 4 298 272 152 290 38 118
桓玠 7 84 3 0 60 59 56 152 97 42 217 136
丁仪 7 97 4 0 205 206 211 289 142 106 166 80
丁廙 9 93 3 0 59 60 65 87 239 71 70 109
司马朗 3 52 3 0 292 291 280 268 100 281 123 214
韩暨 5 79 3 0 127 128 129 165 27 94 167 48
韦康 4 78 3 0 135 136 131 161 14 268 261 250
邴原 5 92 4 0 193 194 191 201 129 6 170 138
赵俨 5 89 3 0 246 245 238 22 274 123 235 114
娄圭 6 90 4 0 163 164 155 151 253 68 2 51
贾逵 9 107 4 0 52 51 48 194 1 158 9 55
陈琳 1 85 4 0 281 282 285 203 256 292 293 47
司马懿 9 95 3 0 109 110 111 99 61 98 188 59
张辽 7 97 4 0 118 117 122 111 128 21 6 3
徐晃 5 88 3 0 145 146 153 115 165 236 229 223
夏侯惇 2 72 4 0 89 90 91 5 134 150 97 268
夏侯渊 5 87 4 0 102 101 98 162 64 144 200 236
庞德 5 102 4 0 142 141 126 130 205 201 80 35
张郃 7 87 4 0 71 72 79 93 275 59 223 207
李典 6 76 3 0 91 92 89 128 84 153 25 261
乐进 9 108 3 0 55 56 45 234 75 194 213 52
典韦 4 89 3 0 23 24 21 56 114 293 254 179
曹洪 4 76 4 0 250 249 260 262 191 173 251 135
曹仁 7 94 5 0 188 187 198 175 140 211 109 278
曹彰 7 108 3 0 225 226 223 213 168 79 264 9
曹纯 5 65 3 0 49 50 35 101 217 238 105 257
于禁 8 99 4 0 270 269 274 266 296 132 272 156
许褚 5 94 3 0 110 109 112 139 177 45 212 171
吕虔 6 76 3 0 261 262 271 249 247 14 135 91
李通 7 102 4 0 189 190 195 159 291 147 208 154
文聘 8 88 4 0 206 205 212 61 285 151 182 31
臧霸 6 92 3 0 39 40 43 27 156 121 73 162
郭淮 4 81 3 0 256 255 258 227 281 161 141 173
钟会 3 89 3 0 68 67 66 212 76 163 85 203
邓艾 5 114 3 0 271 272 261 259 158 258 230 106
曹休 8 85 3 0 88 87 108 96 259 181 237 175
张燕 6 103 4 0 92 91 90 76 131 154 260 290
张绣 5 75 3 0 150 149 160 105 122 89 191 167
朱灵 7 92 3 0 28 27 38 29 79 155 112 168
路昭 5 85 4 0 177 178 183 121 110 38 139 85
史涣 4 93 4 0 144 143 134 176 196 102 233 254
韩浩 7 74 4 0 294 293 288 224 58 149 285 169
王凌 5 105 4 0 106 105 104 108 226 205 147 271
孙礼 5 96 3 0 32 31 34 48 63 203 16 166
秦朗 5 98 3 0 187 188 197 251 266 131 15 38
郑文 8 100 4 0 245 246 255 6 195 41 282 260
夏侯尚 5 95 3 0 6 5 12 245 192 193 118 15
毌丘俭 6 86 2 0 99 100 113 109 298 249 149 27
诸葛诞 6 70 4 0 231 232 233 25 13 46 295 153
孙乾 9 107 4 0 75 76 83 143 55 286 146 213
简雍 6 102 3 0 259 260 249 271 88 265 115 61
糜竺 6 92 5 0 255 256 245 247 282 17 148 232
糜芳 7 107 4 0 264 263 278 283 155 260 225 183
庞统 6 97 4 0 221 222 229 267 181 115 121 155
法正 6 89 4 0 128 127 130 91 118 233 162 185
许靖 9 84 3 0 151 152 147 163 171 206 119 220
马良 4 71 3 0 77 78 53 43 50 295 153 276
徐庶 8 81 3 0 248 247 242 66 252 137 222 36
陈震 3 107 3 0 147 148 151 155 257 189 106 58
杨仪 7 94 3 0 279 280 273 288 219 35 168 20
费祎 9 88 4 0 220 219 218 230 186 180 194 151
蒋琬 6 91 4 0 266 265 268 270 187 235 239 84
孟优 6 82 4 0 140 139 138 160 188 25 14 107
黄皓 6 72 4 0 227 228 215 256 141 105 37 94
诸葛亮 8 84 3 0 149 150 143 141 24 294 99 63
关羽 4 93 3 0 284 283 276 286 57 214 51 17
张飞 7 67 4 0 105 106 103 150 268 227 49 285
马超 7 76 4 0 116 115 114 50 199 253 125 196
黄忠 4 95 3 0 54 53 78 132 35 129 61 274
赵云 8 102 3 0 90 89 92 41 113 20 95 265
魏延 7 95 4 0 278 277 264 254 133 16 273 188
关平 8 82 4 0 63 64 69 53 32 124 21 149
周仓 3 93 4 0 212 211 206 68 297 120 110 235
关兴 7 103 4 0 186 185 182 244 220 30 154 215
张苞 7 106 3 0 9 10 41 45 29 33 52 225
陈到 8 104 3 0 234 233 232 55 33 272 216 4
李严 5 95 3 0 15 16 13 18 2 83 187 6
姜维 4 80 3 0 157 158 161 97 267 136 173 251
廖化 6 91 3 0 84 83 94 73 91 199 164 266
马谡 4 79 2 0 74 73 76 85 263 5 276 178
马岱 5 90 4 0 65 66 59 33 237 196 171 124
陈式 6 98 3 0 44 43 40 38 209 112 132 129
雷铜 4 87 3 0 96 95 100 88 107 43 165 72
吴兰 10 103 3 0 67 68 73 290 104 242 265 240
王平 6 91 4 0 162 161 158 102 112 36 128 39
任夔 6 92 4 0 2 1 297 51 15 76 163 296
张翼 10 111 3 0 104 103 106 117 67 204 133 126
马忠 9 102 3 0 81 82 85 103 115 130 158 111
张南 4 98 3 0 121 122 133 177 119 39 221 233
冯习 4 80 4 0 251 252 253 187 175 141 250 157
傅佥 6 86 3 0 164 163 156 236 85 254 84 182
关索 8 111 4 0 242 241 248 252 265 67 195 117
陆逊 8 89 4 0 76 75 74 92 68 2 86 10
张昭 7 80 3 0 196 195 210 185 144 65 190 116
张紘 4 86 3 0 277 278 263 31 5 275 43 160
鲁肃 7 101 4 0 154 153 146 180 136 92 186 189
虞翻 3 96 4 0 218 217 220 222 214 138 201 228
顾雍 8 82 3 0 14 13 16 26 135 261 140 199
诸葛谨 6 129 4 0 169 170 159 216 194 119 288 294
诸葛恪 3 77 4 0 66 65 68 248 8 210 50 46
陆凯 4 79 3 0 25 26 29 231 276 140 91 11
骆统 9 81 4 0 226 225 236 214 106 244 180 119
周鲂 5 86 4 0 85 86 81 74 164 97 68 177
周瑜 8 98 4 0 156 155 164 166 39 192 113 270
吕蒙 8 76 3 0 222 221 230 218 262 217 248 57
甘宁 6 92 3 0 56 55 60 23 235 273 202 241
太史慈 6 89 4 0 26 25 30 14 10 247 53 202
程普 4 75 3 0 276 275 284 285 25 298 74 77
黄盖 9 75 3 0 119 120 123 171 121 169 151 226
韩当 7 86 4 0 207 208 203 192 161 12 184 71
周泰 2 81 3 0 165 166 167 127 145 27 96 97
蒋钦 6 108 3 0 152 151 148 60 3 4 257 198
丁奉 2 66 3 0 47 48 51 191 153 100 5 281
徐盛 8 101 4 0 113 114 99 98 90 170 156 95
陈武 4 92 4 0 17 18 19 280 283 255 185 284
凌操 6 101 4 0 18 17 20 15 40 240 4 79
凌统 6 103 3 0 239 240 243 10 59 209 266 286
潘璋 3 94 3 0 45 46 55 9 185 110 262 247
朱然 5 96 5 0 262 261 272 250 222 139 45 244
孙桓 8 106 4 0 133 134 121 126 278 216 104 1
马忠 7 98 3 0 16 15 14 4 80 278 32 7
孙韶 6 81 3 0 78 77 54 124 295 24 175 43
朱桓 5 94 4 0 171 172 179 119 151 175 65 110
夏恂 3 66 4 0 100 99 96 94 292 47 238 123
周平 6 109 3 0 219 220 217 229 279 215 103 33
全琮 3 87 3 0 203 204 207 281 228 32 114 68
于诠 5 98 3 0 38 37 28 44 70 177 3 187
张角 1 84 3 0 50 49 36 116 77 122 66 5
何进 2 83 3 0 97 98 101 157 60 85 89 165
董卓 5 69 4 0 122 121 118 178 150 50 298 253
袁绍 2 92 5 0 123 124 119 172 184 246 292 100
吕布 7 88 4 0 180 179 172 154 124 220 226 229
袁术 7 96 5 0 120 119 124 114 34 212 69 112
刘表 5 86 4 0 236 235 226 164 108 145 267 102
刘璋 4 82 2 0 173 174 175 125 243 250 157 256
马腾 10 87 4 0 283 284 275 264 17 183 159 282
张鲁 6 94 4 0 232 231 234 69 229 51 181 255
韩遂 3 95 3 0 247 248 241 255 261 26 101 45
公孙瓒 7 89 4 0 229 230 221 219 232 31 145 180
韩馥 2 92 4 0 214 213 224 226 218 284 179 292
刘岱 3 77 3 0 46 45 42 86 249 231 243 66
王匡 7 91 4 0 170 169 178 138 30 113 193 12
张邈 8 98 4 0 174 173 176 183 86 185 79 132
孔伷 6 108 3 0 33 34 31 65 234 9 198 219
陶谦 5 80 3 0 125 126 141 173 293 48 116 263
鲍信 6 94 4 0 24 23 22 20 149 78 10 131
桥瑁 5 101 3 0 69 70 63 232 31 228 120 83
袁遗 5 88 3 0 223 224 225 209 167 134 71 145
孔融 4 90 3 0 179 180 171 182 42 101 214 23
张超 6 112 4 0 40 39 44 36 18 1 258 288
张杨 4 90 4 0 108 107 88 106 236 57 275 53
刘度 8 90 3 0 73 74 67 84 93 61 39 21
赵范 7 94 3 0 20 19 18 24 202 90 64 279
金旋 5 68 4 0 224 223 214 294 101 297 291 238
韩玄 6 90 4 0 185 186 181 196 45 174 17 128
张宝 6 82 4 0 107 108 87 72 96 10 160 140
张梁 8 97 4 0 132 131 136 54 95 270 44 174
程远志 4 85 4 0 160 159 150 140 178 167 107 277
邓茂 11 112 2 0 204 203 208 282 213 104 41 82
马元义 8 81 3 0 199 200 201 217 116 84 36 14
赵弘 4 106 4 0 257 258 265 70 147 230 152 49
韩忠 6 98 4 0 129 130 127 148 193 54 87 44
孙夏 4 99 3 0 181 182 185 273 221 88 232 93
管亥 2 76 3 0 268 267 266 292 105 135 297 89
何仪 8 97 3 0 30 29 26 260 170 186 155 176
刘辟 7 86 4 0 267 268 269 221 157 287 236 139
龚都 5 70 3 0 238 237 246 253 280 49 100 224
裴元绍 3 94 3 0 235 236 237 137 56 266 246 212
高升 8 102 4 0 4 3 291 16 240 152 18 234
张闿 8 120 4 0 269 270 267 265 288 82 117 258
韩暹 6 106 4 0 290 289 296 67 159 3 286 92
李乐 3 75 4 0 191 192 193 47 250 11 150 280
杨奉 5 88 4 0 114 113 116 120 23 8 203 246
董承 7 96 4 0 112 111 110 80 162 44 28 120
王子服 5 89 4 0 217 218 219 199 49 222 60 172
李儒 7 98 4 0 158 157 162 195 271 52 81 34
陈宫 5 107 4 0 230 229 222 220 241 257 271 29
田丰 6 73 4 0 94 93 84 100 11 127 57 227
沮授 3 86 3 0 293 294 287 295 125 23 281 134
审配 3 89 4 0 200 199 202 167 72 62 102 210
许攸 5 72 4 0 253 254 251 238 163 116 280 122
郭图 3 89 5 0 210 209 196 136 37 66 42 200
逢纪 8 101 3 0 115 116 117 145 81 221 259 87
辛评 3 78 3 0 298 297 3 13 99 276 122 243
荀谌 5 77 3 0 291 292 4 62 189 103 224 249
辛毗 3 80 4 0 134 133 144 184 89 223 48 293
陈登 5 96 5 0 201 202 199 193 182 142 218 64
蒯良 5 96 3 0 166 165 168 156 130 64 205 32
王累 6 115 4 0 288 287 294 279 269 111 169 40
韩胤 8 116 4 0 117 118 115 104 211 208 269 242
沮鹄 8 94 4 0 86 85 82 46 174 70 76 159
杨弘 7 84 4 0 252 251 254 242 248 58 124 190
阎象 6 92 4 0 296 295 290 64 270 237 274 2
蒯越 5 97 4 0 64 63 70 296 102 166 20 201
伍孚 4 96 4 0 274 273 270 8 246 72 296 54
李傕 5 93 3 0 138 137 140 170 198 218 228 193
郭汜 9 96 3 0 98 97 102 113 41 109 211 273
颜良 8 90 3 0 21 22 23 211 53 118 63 73
文丑 7 99 3 0 7 8 1 58 148 159 183 16
潘凤 4 86 4 0 72 71 80 107 200 274 27 96
俞涉 5 77 4 0 263 264 277 275 74 178 249 125
武安国 4 78 4 0 178 177 170 122 160 263 13 74
穆顺 4 79 3 0 11 12 5 258 94 191 161 25
华雄 8 93 3 0 209 210 213 223 44 239 176 22
牛辅 7 112 3 0 146 145 154 240 87 95 75 143
张济 8 97 3 0 176 175 174 144 260 202 209 30
樊稠 6 87 3 0 275 276 283 263 71 277 108 237
胡轸 6 100 4 0 79 80 71 83 28 225 174 18
胡车儿 10 98 4 0 272 271 262 3 143 234 270 216
李肃 6 104 4 0 286 285 282 284 208 75 290 239
高顺 6 83 3 0 27 28 37 39 127 165 72 99
张任 10 106 3 0 126 125 142 133 273 197 82 104
高览 8 102 4 0 265 266 257 269 242 259 67 90
曹性 10 99 3 0 216 215 228 169 287 133 234 272
闵纯 6 79 3 0 13 14 15 298 231 285 178 289
纪灵 7 88 3 0 70 69 64 257 38 86 59 137
马休 8 95 4 0 159 160 169 189 290 7 283 86
马铁 5 89 3 0 172 171 180 123 111 184 58 217
高览 8 99 4 0 260 259 250 30 176 264 92 245
袁谭 6 70 4 0 153 154 145 243 47 91 77 231
袁熙 7 96 4 0 80 79 72 112 16 34 142 205
袁尚 10 105 3 0 240 239 244 146 4 18 1 67
高干 6 86 4 0 182 181 186 179 201 22 206 164
麴义 5 114 4 0 208 207 204 198 286 117 189 37
吕翔 8 93 4 0 287 288 293 131 216 267 31 148
吕旷 3 97 3 0 58 57 62 7 294 252 172 147
韩猛 9 97 4 0 197 198 187 237 137 126 130 192
淳于琼 4 91 3 0 53 54 77 63 21 289 26 108
焦触 4 106 2 0 93 94 95 71 73 87 131 181
张南 10 116 4 0 194 193 192 52 169 55 220 41
马延 8 108 3 0 1 2 7 35 52 40 240 133
雷薄 5 104 4 0 29 30 25 28 9 143 215 230
张勋 7 96 3 0 211 212 205 21 117 188 98 130
陈纪 6 79 4 0 289 290 295 205 233 53 19 13
桥蕤 8 86 3 0 175 176 173 188 251 171 78 88
郝萌 3 97 4 0 228 227 216 190 203 69 138 218
侯成 6 90 3 0 51 52 47 2 22 232 284 163
宋宪 4 77 4 0 161 162 157 135 207 256 11 295
魏续 8 77 3 0 36 35 50 40 254 162 199 248
成廉 7 105 3 0 215 216 227 241 12 219 29 186
蔡瑁 5 84 3 0 42 41 46 297 179 60 210 184
张允 6 109 3 0 103 104 105 81 83 291 219 195
黄祖 7 85 4 0 190 189 184 228 258 198 196 252
苏飞 9 103 4 0 111 112 109 118 172 288 143 81
吕公 5 101 4 0 35 36 49 1 54 279 83 142
侯选 6 80 3 0 43 44 39 77 19 96 277 78
程银 6 102 2 0 61 62 57 206 109 73 54 259
李堪 6 97 3 0 155 156 163 147 264 28 30 221
张横 7 105 4 0 183 184 177 174 82 283 7 264
梁兴 7 86 3 0 139 140 137 110 62 262 177 267
成宜 5 83 3 0 8 7 10 274 66 114 136 62
马玩 7 93 3 0 168 167 166 202 225 241 279 28
杨秋 5 77 3 0 249 250 259 261 46 99 263 291
张让 7 108 4 0 143 144 149 75 272 29 111 146
赵忠 5 96 4 0 244 243 240 186 48 226 12 262
封谞 6 112 3 0 195 196 189 158 245 213 242 103
段珪 8 102 3 0 95 96 93 82 132 146 90 113
曹节 5 89 4 0 124 123 120 78 180 63 252 65
侯览 3 79 3 0 243 244 239 153 173 19 46 298
蹇硕 2 62 3 0 5 6 11 89 277 74 47 50
程旷 7 74 4 0 285 286 281 276 206 13 294 105
夏恽 9 97 4 0 192 191 194 207 6 156 34 197
郭胜 7 96 3 0 130 129 128 142 166 81 197 211
吕伯奢 5 100 4 0 83 84 75 79 103 15 35 69
普净 9 70 3 0 258 257 256 11 190 271 40 269
华佗 8 92 3 0 22 21 24 246 51 182 241 209
于吉 4 97 3 0 233 234 231 57 289 128 144 121
左慈 10 125 3 0 82 81 86 95 183 269 126 204
吉平 6 89 4 0 202 201 200 168 20 176 56 26
