1 204 41 2 
2 82 126 2 
3 220 194 3 
4 240 1 1 
5 55 213 2 
6 133 104 3 
7 265 67 3 
8 216 234 1 
9 272 270 1 
10 282 245 1 
11 283 159 1 
12 151 119 2 
13 269 117 2 
14 146 75 3 
15 9 52 3 
16 143 111 3 
17 90 95 2 
18 158 81 3 
19 113 156 2 
20 34 192 3 
21 273 278 1 
22 130 197 3 
23 176 209 2 
24 211 98 3 
25 86 76 2 
26 109 188 1 
27 287 31 2 
28 70 59 3 
29 63 21 2 
30 180 226 3 
31 36 199 2 
32 248 222 2 
33 258 40 1 
34 195 242 3 
35 225 264 2 
36 154 186 2 
37 4 18 1 
38 87 129 1 
39 260 92 1 
40 7 183 2 
41 259 115 3 
42 79 174 3 
43 44 132 3 
44 30 155 1 
45 279 168 2 
46 112 28 2 
47 148 255 1 
48 241 22 3 
49 73 39 1 
50 10 24 1 
51 237 88 3 
52 78 175 3 
53 182 206 3 
54 149 99 1 
55 196 190 2 
56 14 140 1 
57 57 94 1 
58 294 285 2 
59 288 169 2 
60 208 189 3 
61 103 219 2 
62 198 33 2 
63 215 29 1 
64 286 290 2 
65 69 120 3 
66 80 142 1 
67 166 205 3 
68 3 38 1 
69 20 64 1 
70 239 266 2 
71 16 32 1 
72 6 118 3 
73 170 193 1 
74 244 12 3 
75 163 2 2 
76 162 128 2 
77 202 56 2 
78 139 177 1 
79 184 207 3 
80 223 71 3 
81 145 229 3 
82 236 267 3 
83 252 124 1 
84 164 84 2 
85 60 217 1 
86 137 62 1 
87 8 136 3 
88 116 125 1 
89 37 227 2 
90 105 49 1 
91 271 230 2 
92 152 257 1 
93 83 35 2 
94 93 131 3 
95 187 15 2 
96 54 61 3 
97 296 274 1 
98 121 221 3 
99 232 181 1 
100 185 17 1 
101 51 284 1 
102 26 53 1 
103 65 171 2 
104 72 27 3 
105 108 275 3 
106 43 277 1 
107 160 107 3 
108 19 289 3 
109 127 167 2 
110 249 263 2 
111 178 13 3 
112 25 91 3 
113 261 135 1 
114 295 231 3 
115 77 153 3 
116 224 291 2 
117 147 106 3 
118 201 218 1 
119 228 138 3 
120 212 110 3 
121 144 233 2 
122 235 246 3 
123 262 45 1 
124 58 172 3 
125 254 23 2 
126 102 200 1 
127 114 203 1 
128 68 85 3 
129 210 42 3 
130 48 134 1 
131 256 141 2 
132 173 157 2 
133 161 11 2 
134 250 251 2 
135 74 276 2 
136 150 191 1 
137 122 298 1 
138 253 280 1 
139 100 238 3 
140 101 247 2 
141 179 214 1 
142 96 165 1 
143 243 46 2 
144 268 297 3 
145 292 123 2 
146 281 293 3 
147 66 50 1 
148 97 89 2 
149 5 47 2 
