荀彧 15 126 7 0 37 38 27 19 210 280 227 208 288 117 153 60 261 197
荀攸 18 189 6 0 41 42 9 90 98 245 204 194 126 67 272 82 283 260
贾诩 10 138 7 0 237 238 235 197 65 296 88 275 110 185 62 99 182 236
郭嘉 15 142 6 0 62 61 58 291 139 200 137 8 107 42 237 275 94 110
程昱 14 150 7 0 31 32 33 277 69 229 287 206 137 64 186 152 143 16
戏志才 16 160 6 0 273 274 279 181 126 56 278 98 159 34 111 245 176 206
刘晔 10 131 6 0 167 168 165 200 223 160 127 150 276 161 293 49 102 45
蒋济 17 168 6 0 213 214 209 225 204 195 55 75 52 240 216 234 175 95
陈群 14 162 6 0 282 281 286 204 255 148 245 283 260 133 1 264 30 90
华歆 14 125 7 0 297 298 2 42 212 224 268 101 29 122 117 46 75 253
钟繇 13 136 6 0 198 197 188 208 138 190 33 152 61 232 230 215 205 43
满宠 10 127 7 0 19 20 17 37 43 243 289 141 179 8 68 201 122 254
董昭 9 135 7 0 295 296 289 293 78 77 231 161 46 203 298 160 121 138
王朗 15 148 7 0 131 132 135 287 92 187 93 24 166 20 296 207 128 189
崔琰 14 159 7 0 148 147 152 129 7 282 255 287 209 159 151 16 158 59
毛玠 12 141 6 0 136 135 132 210 154 157 8 60 14 222 181 193 208 231
杜畿 17 163 7 0 87 88 107 59 146 93 129 115 192 7 248 61 21 220
田畴 14 167 6 0 34 33 32 12 120 80 192 158 30 273 21 22 111 81
王修 10 143 7 0 12 11 6 34 215 207 244 170 26 10 88 129 29 208
杨修 12 132 7 0 48 47 52 32 244 125 134 127 249 25 11 150 251 8
辛毗 17 164 7 0 137 138 139 235 197 248 62 70 31 220 22 119 126 149
杨阜 12 149 7 0 241 242 247 215 230 168 22 56 39 120 232 206 199 29
田豫 10 137 6 0 141 142 125 149 227 251 256 19 178 43 253 195 224 150
王粲 9 120 6 0 184 183 190 134 123 172 207 42 291 251 178 256 74 268
蒯越 7 120 7 0 280 279 292 17 238 37 253 191 89 165 179 77 268 212
张继 13 151 6 0 57 58 61 233 284 108 94 222 226 82 270 261 71 42
杜袭 11 152 6 0 10 9 8 239 26 107 24 76 170 12 149 226 113 195
枣祗任峻 6 108 7 0 101 102 97 49 224 179 247 297 292 212 66 210 218 165
陈矫 10 131 6 0 254 253 252 278 36 164 23 144 53 99 223 39 17 19
郗虑 13 151 7 0 3 4 298 272 152 290 38 118 80 44 206 24 155 181
桓玠 14 140 6 0 60 59 56 152 97 42 217 136 140 236 116 37 249 105
丁仪 11 144 6 0 205 206 211 289 142 106 166 80 69 147 2 84 198 56
丁廙 14 159 6 0 59 60 65 87 239 71 70 109 98 16 75 132 258 148
司马朗 12 96 5 0 292 291 280 268 100 281 123 214 101 244 288 117 92 169
韩暨 9 133 6 0 127 128 129 165 27 94 167 48 293 200 231 277 191 147
韦康 9 133 7 0 135 136 131 161 14 268 261 250 203 144 45 212 228 58
邴原 12 141 6 0 193 194 191 201 129 6 170 138 163 182 108 136 172 278
赵俨 12 136 6 0 246 245 238 22 274 123 235 114 42 107 247 285 294 85
娄圭 13 151 7 0 163 164 155 151 253 68 2 51 193 275 207 174 156 76
贾逵 16 186 7 0 52 51 48 194 1 158 9 55 213 272 126 242 192 234
陈琳 4 105 7 0 281 282 285 203 256 292 293 47 5 97 97 123 66 5
司马懿 15 163 7 0 109 110 111 99 61 98 188 59 132 4 265 194 287 269
张辽 12 140 7 0 118 117 122 111 128 21 6 3 215 156 79 208 64 221
徐晃 12 139 6 0 145 146 153 115 165 236 229 223 17 6 71 217 185 227
夏侯惇 8 103 7 0 89 90 91 5 134 150 97 268 280 66 47 284 183 214
夏侯渊 12 125 7 0 102 101 98 162 64 144 200 236 125 72 196 157 167 178
庞德 8 135 6 0 142 141 126 130 205 201 80 35 147 100 221 288 165 286
张郃 15 148 7 0 71 72 79 93 275 59 223 207 88 190 145 36 57 170
李典 13 144 7 0 91 92 89 128 84 153 25 261 78 23 140 252 180 275
乐进 13 164 7 0 55 56 45 234 75 194 213 52 264 90 169 240 225 245
典韦 9 133 6 0 23 24 21 56 114 293 254 179 182 91 291 107 125 191
曹洪 12 138 6 0 250 249 260 262 191 173 251 135 157 150 85 289 236 285
曹仁 10 153 7 0 188 187 198 175 140 211 109 278 16 79 86 232 129 83
曹彰 13 167 7 0 225 226 223 213 168 79 264 9 40 1 90 30 55 270
曹纯 10 121 7 0 49 50 35 101 217 238 105 257 100 47 276 167 178 77
于禁 13 170 7 0 270 269 274 266 296 132 272 156 240 216 57 104 245 225
许褚 15 136 7 0 110 109 112 139 177 45 212 171 237 36 236 116 153 62
吕虔 17 152 7 0 261 262 271 249 247 14 135 91 43 289 222 57 37 175
李通 15 142 7 0 189 190 195 159 291 147 208 154 79 129 20 229 42 131
文聘 16 152 7 0 206 205 212 61 285 151 182 31 76 168 3 241 209 273
臧霸 9 139 7 0 39 40 43 27 156 121 73 162 241 38 6 254 108 187
郭淮 7 128 6 0 256 255 258 227 281 161 141 173 25 11 160 184 203 235
钟会 9 129 6 0 68 67 66 212 76 163 85 203 144 235 19 27 83 247
邓艾 12 153 6 0 271 272 261 259 158 258 230 106 152 183 278 113 24 290
曹休 12 153 7 0 88 87 108 96 259 181 237 175 71 199 12 139 44 207
张燕 11 165 6 0 92 91 90 76 131 154 260 290 113 143 30 112 292 75
张绣 10 133 7 0 150 149 160 105 122 89 191 167 94 250 78 48 286 141
朱灵 18 152 6 0 28 27 38 29 79 155 112 168 73 255 63 128 234 194
路昭 11 127 7 0 177 178 183 121 110 38 139 85 217 218 200 173 65 108
史涣 9 127 6 0 144 143 134 176 196 102 233 254 68 135 191 238 277 65
韩浩 14 146 6 0 294 293 288 224 58 149 285 169 105 172 13 274 246 232
王凌 10 141 7 0 106 105 104 108 226 205 147 271 257 286 129 140 221 185
孙礼 11 145 6 0 32 31 34 48 63 203 16 166 244 171 257 56 25 69
秦朗 9 144 7 0 187 188 197 251 266 131 15 38 2 166 84 147 56 39
郑文 13 164 7 0 245 246 255 6 195 41 282 260 33 197 95 273 270 55
夏侯尚 10 134 7 0 6 5 12 245 192 193 118 15 84 145 39 279 8 251
毌丘俭 10 143 6 0 99 100 113 109 298 249 149 27 236 254 53 237 278 217
诸葛诞 12 141 7 0 231 232 233 25 13 46 295 153 224 253 127 138 263 136
孙乾 11 158 7 0 75 76 83 143 55 286 146 213 265 113 59 287 297 92
简雍 11 156 6 0 259 260 249 271 88 265 115 61 219 93 38 253 33 154
糜竺 12 148 7 0 255 256 245 247 282 17 148 232 56 28 155 115 162 9
糜芳 14 160 7 0 264 263 278 283 155 260 225 183 55 265 240 282 98 176
庞统 12 140 7 0 221 222 229 267 181 115 121 155 129 29 142 202 106 118
法正 15 152 7 0 128 127 130 91 118 233 162 185 164 207 266 28 131 51
许靖 16 162 6 0 151 152 147 163 171 206 119 220 248 211 148 95 132 111
马良 10 122 6 0 77 78 53 43 50 295 153 276 238 191 157 280 45 49
徐庶 14 165 7 0 248 247 242 66 252 137 222 36 151 119 87 220 197 240
陈震 9 135 6 0 147 148 151 155 257 189 106 58 142 205 93 187 291 127
杨仪 8 139 7 0 279 280 273 288 219 35 168 20 180 2 267 6 202 203
费祎 17 164 7 0 220 219 218 230 186 180 194 151 21 137 287 248 1 87
蒋琬 16 138 7 0 266 265 268 270 187 235 239 84 296 139 128 199 222 158
孟优 11 139 8 0 140 139 138 160 188 25 14 107 60 217 91 106 103 84
黄皓 12 140 6 0 227 228 215 256 141 105 37 94 263 196 249 223 20 145
诸葛亮 17 152 7 0 149 150 143 141 24 294 99 63 190 51 10 258 119 137
关羽 7 123 6 0 284 283 276 286 57 214 51 17 247 45 58 89 97 201
张飞 14 139 7 0 105 106 103 150 268 227 49 285 294 94 263 13 252 60
马超 13 148 7 0 116 115 114 50 199 253 125 196 117 104 60 110 36 113
黄忠 7 131 6 0 54 53 78 132 35 129 61 274 228 108 235 125 124 291
赵云 14 161 6 0 90 89 92 41 113 20 95 265 234 55 225 169 133 282
魏延 12 141 7 0 278 277 264 254 133 16 273 188 211 215 271 44 99 193
关平 13 163 7 0 63 64 69 53 32 124 21 149 175 170 28 158 146 61
周仓 7 120 6 0 212 211 206 68 297 120 110 235 58 101 173 135 5 280
关兴 15 156 6 0 186 185 182 244 220 30 154 215 4 115 31 130 168 86
张苞 12 148 7 0 9 10 41 45 29 33 52 225 133 290 113 7 296 255
陈到 16 170 7 0 234 233 232 55 33 272 216 4 90 81 132 213 28 52
李严 11 133 7 0 15 16 13 18 2 83 187 6 185 124 182 247 96 27
姜维 11 134 7 0 157 158 161 97 267 136 173 251 250 46 77 102 35 72
廖化 11 141 7 0 84 83 94 73 91 199 164 266 6 274 187 205 38 140
马谡 7 126 6 0 74 73 76 85 263 5 276 178 11 268 218 203 184 228
马岱 9 125 6 0 65 66 59 33 237 196 171 124 275 17 277 263 177 144
陈式 14 158 6 0 44 43 40 38 209 112 132 129 115 3 18 278 88 190
雷铜 9 138 5 0 96 95 100 88 107 43 165 72 223 125 251 196 15 244
吴兰 21 182 5 0 67 68 73 290 104 242 265 240 204 41 283 272 260 126
王平 12 150 7 0 162 161 158 102 112 36 128 39 168 181 103 171 255 24
任夔 14 144 7 0 2 1 297 51 15 76 163 296 187 279 205 69 226 199
张翼 15 172 6 0 104 103 106 117 67 204 133 126 269 116 242 270 22 1
马忠 14 171 6 0 81 82 85 103 115 130 158 111 154 234 4 216 159 34
张南 11 124 6 0 121 122 133 177 119 39 221 233 181 138 124 291 295 238
冯习 10 138 7 0 251 252 253 187 175 141 250 157 173 184 96 8 48 6
傅佥 10 146 7 0 164 163 156 236 85 254 84 182 128 252 202 20 257 171
关索 15 172 6 0 242 241 248 252 265 67 195 117 1 269 104 52 82 22
陆逊 13 151 6 0 76 75 74 92 68 2 86 10 206 229 199 190 170 163
张昭 12 127 7 0 196 195 210 185 144 65 190 116 27 227 102 96 85 224
张紘 9 127 6 0 277 278 263 31 5 275 43 160 13 291 65 127 144 243
鲁肃 11 155 7 0 154 153 146 180 136 92 186 189 81 30 133 290 169 259
虞翻 8 111 6 0 218 217 220 222 214 138 201 228 210 177 74 298 101 134
顾雍 14 158 7 0 14 13 16 26 135 261 140 199 136 226 80 262 190 143
诸葛谨 11 164 6 0 169 170 159 216 194 119 288 294 195 146 55 90 154 292
诸葛恪 6 105 7 0 66 65 68 248 8 210 50 46 268 89 101 214 281 179
陆凯 13 139 7 0 25 26 29 231 276 140 91 11 256 48 290 153 32 289
骆统 14 142 6 0 226 225 236 214 106 244 180 119 57 14 258 10 2 166
周鲂 12 134 7 0 85 86 81 74 164 97 68 177 172 78 250 11 196 246
周瑜 13 151 8 0 156 155 164 166 39 192 113 270 112 118 211 209 163 73
吕蒙 14 152 6 0 222 221 230 218 262 217 248 57 36 136 261 80 266 229
甘宁 11 141 6 0 56 55 60 23 235 273 202 241 255 73 51 32 187 205
太史慈 13 143 6 0 26 25 30 14 10 247 53 202 12 267 166 182 289 153
程普 10 127 6 0 276 275 284 285 25 298 74 77 167 238 49 293 161 17
黄盖 15 155 6 0 119 120 123 171 121 169 151 226 146 248 82 137 149 80
韩当 12 154 7 0 207 208 203 192 161 12 184 71 252 128 163 131 40 88
周泰 7 110 7 0 165 166 167 127 145 27 96 97 47 280 268 179 142 101
蒋钦 11 153 6 0 152 151 148 60 3 4 257 198 271 195 239 31 262 230
丁奉 8 113 6 0 47 48 51 191 153 100 5 281 165 49 89 38 298 122
徐盛 13 149 6 0 113 114 99 98 90 170 156 95 92 75 9 271 10 116
陈武 10 131 6 0 17 18 19 280 283 255 185 284 145 65 274 53 254 276
凌操 14 156 6 0 18 17 20 15 40 240 4 79 230 158 44 170 229 209
凌统 9 146 7 0 239 240 243 10 59 209 266 286 103 176 152 73 230 38
潘璋 10 132 6 0 45 46 55 9 185 110 262 247 108 284 135 124 77 167
朱然 13 152 6 0 262 261 272 250 222 139 45 244 35 174 73 14 152 93
孙桓 12 161 7 0 133 134 121 126 278 216 104 1 9 282 154 176 90 7
马忠 14 151 6 0 16 15 14 4 80 278 32 7 188 59 176 148 139 31
孙韶 11 132 7 0 78 77 54 124 295 24 175 43 91 85 150 72 247 200
朱桓 10 147 7 0 171 172 179 119 151 175 65 110 83 32 120 162 215 164
夏恂 10 117 6 0 100 99 96 94 292 47 238 123 49 142 122 183 293 298
周平 12 137 6 0 219 220 217 229 279 215 103 33 259 86 286 64 46 223
全琮 9 116 6 0 203 204 207 281 228 32 114 68 135 295 238 74 256 279
于诠 9 146 6 0 38 37 28 44 70 177 3 187 232 39 259 47 84 239
张角 7 111 7 0 50 49 36 116 77 122 66 5 214 298 161 134 173 123
何进 6 98 6 0 97 98 101 157 60 85 89 165 123 281 281 5 284 210
董卓 8 135 6 0 122 121 118 178 150 50 298 253 153 297 100 161 19 47
袁绍 7 117 7 0 123 124 119 172 184 246 292 100 97 160 134 281 201 50
吕布 11 146 7 0 180 179 172 154 124 220 226 229 279 70 69 51 91 36
袁术 10 138 7 0 120 119 124 114 34 212 69 112 155 241 171 257 285 267
刘表 10 138 6 0 236 235 226 164 108 145 267 102 99 60 110 35 250 237
刘璋 9 121 7 0 173 174 175 125 243 250 157 256 251 179 212 177 50 124
马腾 17 171 7 0 283 284 275 264 17 183 159 282 82 126 67 21 41 272
张鲁 14 149 7 0 232 231 234 69 229 51 181 255 38 198 241 188 7 294
韩遂 9 132 6 0 247 248 241 255 261 26 101 45 284 228 246 15 78 68
公孙瓒 14 154 5 0 229 230 221 219 232 31 145 180 139 76 190 189 18 222
韩馥 8 112 6 0 214 213 224 226 218 284 179 292 50 210 243 66 134 89
刘岱 14 137 6 0 46 45 42 86 249 231 243 66 295 157 224 297 219 172
王匡 15 149 6 0 170 169 178 138 30 113 193 12 10 63 168 18 76 71
张邈 12 145 6 0 174 173 176 183 86 185 79 132 130 262 64 163 211 107
孔伷 9 149 7 0 33 34 31 65 234 9 198 219 245 40 208 79 259 117
陶谦 11 131 7 0 125 126 141 173 293 48 116 263 102 96 228 54 23 114
鲍信 12 151 7 0 24 23 22 20 149 78 10 131 64 257 29 3 271 162
桥瑁 11 145 7 0 69 70 63 232 31 228 120 83 205 209 180 2 275 32
袁遗 12 137 7 0 223 224 225 209 167 134 71 145 96 13 254 227 217 219
孔融 7 107 6 0 179 180 171 182 42 101 214 23 19 173 280 165 210 66
张超 14 144 6 0 40 39 44 36 18 1 258 288 225 33 209 211 207 252
张杨 11 129 7 0 108 107 88 106 236 57 275 53 45 54 193 267 39 177
刘度 13 151 7 0 73 74 67 84 93 61 39 21 28 56 262 239 79 156
赵范 14 145 6 0 20 19 18 24 202 90 64 279 22 131 189 164 227 249
金旋 12 132 6 0 224 223 214 294 101 297 291 238 231 153 46 200 141 196
韩玄 10 142 6 0 185 186 181 196 45 174 17 128 15 237 36 103 145 106
张宝 12 141 6 0 107 108 87 72 96 10 160 140 62 246 8 23 13 174
张梁 16 167 7 0 132 131 136 54 95 270 44 174 109 111 234 59 151 159
程远志 11 123 7 0 160 159 150 140 178 167 107 277 72 123 256 295 243 35
邓茂 19 187 6 0 204 203 208 282 213 104 41 82 67 194 269 126 272 192
马元义 14 144 7 0 199 200 201 217 116 84 36 14 258 88 76 266 241 2
赵弘 12 136 7 0 257 258 265 70 147 230 152 49 106 24 32 120 164 274
韩忠 12 145 7 0 129 130 127 148 193 54 87 44 221 189 106 12 188 13
孙夏 13 152 7 0 181 182 185 273 221 88 232 93 121 162 136 42 115 3
管亥 9 119 6 0 268 267 266 292 105 135 297 89 66 74 165 243 280 184
何仪 16 161 6 0 30 29 26 260 170 186 155 176 34 154 92 225 282 216
刘辟 10 139 6 0 267 268 269 221 157 287 236 139 51 26 279 108 233 120
龚都 11 124 6 0 238 237 246 253 280 49 100 224 77 276 203 144 200 121
裴元绍 7 129 5 0 235 236 237 137 56 266 246 212 274 68 54 244 58 256
高升 12 160 6 0 4 3 291 16 240 152 18 234 186 109 81 146 112 139
张闿 15 166 6 0 269 270 267 265 288 82 117 258 104 242 204 1 95 109
韩暹 12 152 7 0 290 289 296 67 159 3 286 92 208 9 25 154 166 271
李乐 9 132 7 0 191 192 193 47 250 11 150 280 161 77 144 178 127 23
杨奉 11 131 7 0 114 113 116 120 23 8 203 246 124 201 27 43 11 125
董承 14 163 6 0 112 111 110 80 162 44 28 120 156 61 143 92 4 258
王子服 10 143 6 0 217 218 219 199 49 222 60 172 177 140 83 145 223 99
李儒 16 151 6 0 158 157 162 195 271 52 81 34 286 18 7 63 148 266
陈宫 11 153 6 0 230 229 222 220 241 257 271 29 18 103 198 93 239 152
田丰 13 147 7 0 94 93 84 100 11 127 57 227 150 105 42 249 62 70
沮授 12 119 7 0 293 294 287 295 125 23 281 134 127 178 167 276 100 161
审配 11 132 8 0 200 199 202 167 72 62 102 210 8 127 177 224 238 78
许攸 14 126 6 0 253 254 251 238 163 116 280 122 243 231 141 259 274 297
郭图 5 118 7 0 210 209 196 136 37 66 42 200 218 214 5 101 179 97
逢纪 15 152 6 0 115 116 117 145 81 221 259 87 44 186 215 255 181 130
辛评 10 116 7 0 298 297 3 13 99 276 122 243 134 50 295 218 47 100
荀谌 7 138 6 0 291 292 4 62 189 103 224 249 184 277 23 121 147 54
辛毗 8 112 6 0 134 133 144 184 89 223 48 293 298 5 123 50 214 218
陈登 7 122 7 0 201 202 199 193 182 142 218 64 138 114 72 19 123 284
蒯良 14 141 7 0 166 165 168 156 130 64 205 32 131 187 26 296 290 226
王累 9 145 8 0 288 287 294 279 269 111 169 40 37 208 292 142 117 183
韩胤 9 155 6 0 117 118 115 104 211 208 269 242 116 37 297 292 288 33
沮鹄 15 156 6 0 86 85 82 46 174 70 76 159 7 219 188 143 61 186
杨弘 14 143 7 0 252 251 254 242 248 58 124 190 207 164 275 91 105 40
阎象 10 148 6 0 296 295 290 64 270 237 274 2 266 35 131 166 9 215
蒯越 10 145 7 0 64 63 70 296 102 166 20 201 24 31 174 219 118 211
伍孚 12 137 7 0 274 273 270 8 246 72 296 54 235 84 17 294 253 257
李傕 9 135 6 0 138 137 140 170 198 218 228 193 201 121 35 231 72 295
郭汜 12 168 7 0 98 97 102 113 41 109 211 273 59 260 159 111 264 11
颜良 15 161 6 0 21 22 23 211 53 118 63 73 220 287 34 283 87 168
文丑 12 163 6 0 7 8 1 58 148 159 183 16 86 87 158 9 232 133
潘凤 11 135 6 0 72 71 80 107 200 274 27 96 160 102 201 78 138 157
俞涉 12 139 6 0 263 264 277 275 74 178 249 125 227 285 105 65 231 182
武安国 12 126 7 0 178 177 170 122 160 263 13 74 141 293 184 191 49 102
穆顺 13 126 7 0 11 12 5 258 94 191 161 25 74 256 48 85 114 98
华雄 14 154 7 0 209 210 213 223 44 239 176 22 148 69 40 156 206 18
牛辅 13 161 7 0 146 145 154 240 87 95 75 143 119 169 197 4 63 287
张济 14 160 6 0 176 175 174 144 260 202 209 30 287 239 16 133 273 264
樊稠 13 146 7 0 275 276 283 263 71 277 108 237 65 163 252 62 69 91
胡轸 11 157 7 0 79 80 71 83 28 225 174 18 189 188 118 33 73 155
胡车儿 17 187 6 0 272 271 262 3 143 234 270 216 111 52 41 67 204 283
李肃 8 135 7 0 286 285 282 284 208 75 290 239 158 106 219 29 150 142
高顺 11 134 6 0 27 28 37 39 127 165 72 99 196 249 114 68 244 15
张任 19 178 6 0 126 125 142 133 273 197 82 104 41 283 52 204 137 67
高览 15 179 7 0 265 266 257 269 242 259 67 90 75 264 109 260 194 82
曹性 16 161 6 0 216 215 228 169 287 133 234 272 194 270 213 81 240 30
闵纯 12 145 6 0 13 14 15 298 231 285 178 289 277 223 294 105 107 129
纪灵 13 147 6 0 70 69 64 257 38 86 59 137 202 180 139 155 51 94
马休 16 167 7 0 159 160 169 189 290 7 283 86 273 148 98 192 81 132
马铁 14 137 7 0 172 171 180 123 111 184 58 217 85 294 289 197 193 46
高览 18 171 7 0 260 259 250 30 176 264 92 245 282 98 192 265 67 41
袁谭 13 138 7 0 153 154 145 243 47 91 77 231 122 224 37 25 110 26
袁熙 15 154 6 0 80 79 72 112 16 34 142 205 3 22 14 222 130 119
袁尚 14 166 6 0 240 239 244 146 4 18 1 67 270 213 264 55 216 248
高干 12 138 7 0 182 181 186 179 201 22 206 164 23 193 15 26 237 263
麴义 10 145 6 0 208 207 204 198 286 117 189 37 290 288 33 118 136 12
吕翔 13 162 7 0 287 288 293 131 216 267 31 148 176 21 220 75 109 146
吕旷 9 133 6 0 58 57 62 7 294 252 172 147 212 83 284 233 235 135
韩猛 14 172 7 0 197 198 187 237 137 126 130 192 95 245 146 172 248 37
淳于琼 11 135 7 0 53 54 77 63 21 289 26 108 254 202 99 17 43 103
焦触 13 155 6 0 93 94 95 71 73 87 131 181 233 259 147 230 195 262
张南 17 187 7 0 194 193 192 52 169 55 220 41 216 204 175 109 265 28
马延 15 167 6 0 1 2 7 35 52 40 240 133 242 225 282 269 220 104
雷薄 12 150 7 0 29 30 25 28 9 143 215 230 297 221 24 286 12 241
张勋 10 146 6 0 211 212 205 21 117 188 98 130 278 151 156 40 174 64
陈纪 13 143 6 0 289 290 295 205 233 53 19 13 285 261 172 250 26 25
桥蕤 17 152 6 0 175 176 173 188 251 171 78 88 63 258 194 168 213 261
郝萌 7 126 7 0 228 227 216 190 203 69 138 218 54 247 125 83 135 74
侯成 15 149 7 0 51 52 47 2 22 232 284 163 267 149 56 180 70 128
宋宪 12 117 7 0 161 162 157 135 207 256 11 295 191 167 50 122 276 293
魏续 11 149 7 0 36 35 50 40 254 162 199 248 222 110 185 71 116 180
成廉 10 151 6 0 215 216 227 241 12 219 29 186 118 278 115 198 171 296
蔡瑁 13 149 6 0 42 41 46 297 179 60 210 184 246 62 94 181 189 57
张允 11 137 6 0 103 104 105 81 83 291 219 195 239 230 162 185 140 53
黄祖 14 157 7 0 190 189 184 228 258 198 196 252 149 71 229 76 14 44
苏飞 16 167 6 0 111 112 109 118 172 288 143 81 272 132 273 98 34 151
吕公 11 123 6 0 35 36 49 1 54 279 83 142 262 296 138 236 157 160
侯选 13 133 6 0 43 44 39 77 19 96 277 78 261 141 285 114 53 198
程银 13 164 6 0 61 62 57 206 109 73 54 259 198 112 130 87 86 63
李堪 11 158 6 0 155 156 163 147 264 28 30 221 120 130 255 70 3 79
张横 9 145 7 0 183 184 177 174 82 283 7 264 143 271 195 100 89 288
梁兴 12 161 6 0 139 140 137 110 62 262 177 267 229 266 70 88 16 4
成宜 12 132 6 0 8 7 10 274 66 114 136 62 200 19 107 251 6 48
马玩 15 160 7 0 168 167 166 202 225 241 279 28 162 206 170 175 186 21
杨秋 14 145 7 0 249 250 259 261 46 99 263 291 48 27 227 94 60 20
张让 14 158 8 0 143 144 149 75 272 29 111 146 183 92 112 86 31 14
赵忠 9 138 6 0 244 243 240 186 48 226 12 262 32 292 233 235 27 96
封谞 11 153 6 0 195 196 189 158 245 213 242 103 169 152 183 141 93 10
段珪 17 169 6 0 95 96 93 82 132 146 90 113 197 192 245 151 269 213
曹节 9 125 6 0 124 123 120 78 180 63 252 65 114 15 121 45 54 173
侯览 9 126 7 0 243 244 239 153 173 19 46 298 253 233 214 268 160 277
蹇硕 6 92 7 0 5 6 11 89 277 74 47 50 281 134 210 97 212 281
程旷 12 138 7 0 285 286 281 276 206 13 294 105 289 263 43 246 120 250
夏恽 18 173 6 0 192 191 194 207 6 156 34 197 87 95 260 159 52 204
郭胜 15 153 6 0 130 129 128 142 166 81 197 211 174 155 61 186 80 115
吕伯奢 11 122 6 0 83 84 75 79 103 15 35 69 171 58 217 228 68 188
普净 14 163 7 0 258 257 256 11 190 271 40 269 199 175 226 149 59 112
华佗 15 167 7 0 22 21 24 246 51 182 241 209 20 80 137 34 104 242
于吉 10 139 7 0 233 234 231 57 289 128 144 121 93 243 244 58 267 202
左慈 15 186 6 0 82 81 86 95 183 269 126 204 283 57 119 41 242 265
吉平 10 139 6 0 202 201 200 168 20 176 56 26 70 53 164 221 279 233
