1 1 2 1 
2 3 4 2 
3 5 6 3 
4 7 8 1 
5 9 10 1 
6 11 12 3 
7 13 14 2 
8 15 16 2 
9 17 18 3 
10 19 20 3 
11 21 22 2 
12 23 24 2 
13 25 26 2 
14 27 28 3 
15 29 30 2 
16 31 32 2 
17 33 34 2 
18 35 36 2 
19 37 38 3 
20 39 40 3 
21 41 42 1 
22 43 44 3 
23 45 46 1 
24 47 48 3 
25 49 50 2 
26 51 52 3 
27 53 54 3 
28 55 56 1 
29 57 58 2 
30 59 60 1 
31 61 62 2 
32 63 64 2 
33 65 66 1 
34 67 68 1 
35 69 70 2 
36 71 72 2 
37 73 74 1 
38 75 76 1 
39 77 78 3 
40 79 80 2 
41 81 82 3 
42 83 84 1 
43 85 86 3 
44 87 88 2 
45 89 90 3 
46 91 92 3 
47 93 94 1 
48 95 96 1 
49 97 98 3 
50 99 100 1 
51 101 102 3 
52 103 104 3 
53 105 106 3 
54 107 108 2 
55 109 110 2 
56 111 112 2 
57 113 114 1 
58 115 116 1 
59 117 118 1 
60 119 120 2 
61 121 122 1 
62 123 124 2 
63 125 126 3 
64 127 128 2 
65 129 130 2 
66 131 132 2 
67 133 134 1 
68 135 136 2 
69 137 138 2 
70 139 140 2 
71 141 142 3 
72 143 144 1 
73 145 146 3 
74 147 148 2 
75 149 150 1 
76 151 152 2 
77 153 154 3 
78 155 156 2 
79 157 158 3 
80 159 160 1 
81 161 162 3 
82 163 164 2 
83 165 166 3 
84 167 168 3 
85 169 170 1 
86 171 172 2 
87 173 174 3 
88 175 176 3 
89 177 178 1 
90 179 180 2 
91 181 182 2 
92 183 184 1 
93 185 186 2 
94 187 188 2 
95 189 190 1 
96 191 192 3 
97 193 194 3 
98 195 196 1 
99 197 198 2 
100 199 200 2 
101 201 202 2 
102 203 204 3 
103 205 206 2 
104 207 208 3 
105 209 210 1 
106 211 212 2 
107 213 214 1 
108 215 216 3 
109 217 218 2 
110 219 220 2 
111 221 222 2 
112 223 224 1 
113 225 226 1 
114 227 228 3 
115 229 230 2 
116 231 232 3 
117 233 234 3 
118 235 236 1 
119 237 238 1 
120 239 240 3 
121 241 242 2 
122 243 244 3 
123 245 246 1 
124 247 248 2 
125 249 250 2 
126 251 252 3 
127 253 254 3 
128 255 256 1 
129 257 258 1 
130 259 260 2 
131 261 262 2 
132 263 264 3 
133 265 266 1 
134 267 268 1 
135 269 270 1 
136 271 272 2 
137 273 274 1 
138 275 276 2 
139 277 278 3 
140 279 280 1 
141 281 282 3 
142 283 284 2 
143 285 286 3 
144 287 288 2 
145 289 290 3 
146 291 292 1 
147 293 294 2 
148 295 296 3 
149 297 298 2 
