1 67 126 0 
2 192 204 0 
3 41 260 0 
4 28 194 0 
5 272 283 0 
6 213 95 0 
7 220 87 0 
8 149 137 0 
9 175 261 0 
10 52 234 0 
11 159 132 0 
12 151 111 0 
13 30 216 0 
14 273 206 0 
15 158 266 0 
16 82 265 0 
17 242 22 0 
18 1 104 0 
19 269 109 0 
20 21 168 0 
21 186 86 0 
22 119 80 0 
23 130 115 0 
24 51 128 0 
25 170 71 0 
26 189 131 0 
27 62 110 0 
28 37 197 0 
29 81 34 0 
30 240 248 0 
31 112 258 0 
32 282 90 0 
33 176 264 0 
34 59 148 0 
35 14 143 0 
36 44 190 0 
37 18 209 0 
38 229 222 0 
39 16 31 0 
40 232 294 0 
41 20 249 0 
42 199 2 0 
43 40 252 0 
44 226 166 0 
45 60 105 0 
46 46 172 0 
47 253 297 0 
48 225 270 0 
49 245 55 0 
50 61 63 0 
51 287 146 0 
52 262 93 0 
53 3 181 0 
54 73 156 0 
55 76 163 0 
56 42 57 0 
57 113 116 0 
58 70 94 0 
59 91 275 0 
60 26 153 0 
61 289 25 0 
62 43 198 0 
63 98 11 0 
64 7 133 0 
65 4 139 0 
66 207 88 0 
67 271 290 0 
68 24 162 0 
69 29 241 0 
70 255 9 0 
71 13 129 0 
72 107 174 0 
73 136 231 0 
74 193 278 0 
75 221 118 0 
76 227 145 0 
77 263 182 0 
78 285 250 0 
79 219 223 0 
80 257 274 0 
81 246 85 0 
82 8 48 0 
83 224 196 0 
84 178 102 0 
85 161 293 0 
86 292 169 0 
87 92 75 0 
88 155 79 0 
89 259 154 0 
90 152 230 0 
91 10 195 0 
92 180 36 0 
93 32 69 0 
94 205 56 0 
95 84 140 0 
96 103 53 0 
97 72 157 0 
98 27 15 0 
99 78 200 0 
100 114 125 0 
101 108 177 0 
102 238 121 0 
103 35 160 0 
104 83 188 0 
105 296 215 0 
106 164 171 0 
107 211 64 0 
108 208 12 0 
109 99 217 0 
110 185 106 0 
111 202 233 0 
112 267 120 0 
113 236 237 0 
114 6 251 0 
115 141 150 0 
116 167 45 0 
117 254 19 0 
118 276 17 0 
119 77 49 0 
120 100 298 0 
121 117 33 0 
122 38 239 0 
123 183 288 0 
124 39 187 0 
125 96 244 0 
126 138 295 0 
127 127 147 0 
128 58 135 0 
129 191 23 0 
130 247 68 0 
131 277 243 0 
132 65 144 0 
133 124 173 0 
134 268 184 0 
135 203 279 0 
136 142 286 0 
137 47 122 0 
138 214 89 0 
139 218 134 0 
140 291 54 0 
141 235 256 0 
142 74 228 0 
143 284 201 0 
144 212 280 0 
145 50 123 0 
146 101 165 0 
147 179 66 0 
148 97 210 0 
149 281 5 0 
