1 204 82 2 
2 194 41 3 
3 104 126 3 
4 240 67 3 
5 216 272 2 
6 282 283 3 
7 55 52 3 
8 213 75 1 
9 111 81 1 
10 192 197 2 
11 98 273 2 
12 109 59 2 
13 220 151 2 
14 226 119 2 
15 258 269 3 
16 117 242 3 
17 1 133 1 
18 234 4 2 
19 90 265 2 
20 95 113 1 
21 87 115 1 
22 260 245 1 
23 270 156 1 
24 132 174 1 
25 176 30 2 
26 86 159 3 
27 148 287 2 
28 22 209 2 
29 21 73 1 
30 76 10 2 
31 31 206 2 
32 175 88 1 
33 149 63 3 
34 199 14 2 
35 36 248 3 
36 222 57 3 
37 146 143 1 
38 225 9 2 
39 264 183 1 
40 186 215 1 
41 154 189 1 
42 16 7 2 
43 34 158 1 
44 3 118 1 
45 80 205 1 
46 112 120 2 
47 211 130 2 
48 278 188 2 
49 20 279 1 
50 168 28 2 
51 170 12 1 
52 180 229 3 
53 70 137 3 
54 207 71 2 
55 139 267 1 
56 252 190 2 
57 60 136 3 
58 196 116 3 
59 285 105 2 
60 294 169 2 
61 40 288 1 
62 103 195 2 
63 33 219 1 
64 152 198 3 
65 92 290 1 
66 286 239 2 
67 61 259 1 
68 18 79 2 
69 44 129 1 
70 155 221 1 
71 24 131 2 
72 232 255 3 
73 296 2 1 
74 56 241 1 
75 162 39 1 
76 84 266 3 
77 51 163 2 
78 128 185 1 
79 202 26 2 
80 237 275 2 
81 164 182 1 
82 99 27 2 
83 107 140 2 
84 78 43 3 
85 13 289 3 
86 91 261 3 
87 94 227 2 
88 231 153 2 
89 37 208 2 
90 271 106 2 
91 230 29 1 
92 142 35 3 
93 69 83 1 
94 38 187 2 
95 64 201 1 
96 244 262 3 
97 166 32 1 
98 15 6 2 
99 110 171 1 
100 138 193 3 
101 124 65 3 
102 172 217 1 
103 246 114 1 
104 223 145 2 
105 236 102 1 
106 177 85 3 
107 42 184 1 
108 62 8 1 
109 48 127 1 
110 125 263 3 
111 291 249 3 
112 150 167 1 
113 253 122 3 
114 238 224 3 
115 49 257 3 
116 93 181 3 
117 233 121 3 
118 274 54 2 
119 254 144 1 
120 284 17 3 
121 53 108 1 
122 179 23 3 
123 96 72 1 
124 277 160 1 
125 141 19 1 
126 173 256 3 
127 157 251 1 
128 11 25 3 
129 178 74 1 
130 135 250 3 
131 295 161 2 
132 77 276 2 
133 297 101 1 
134 58 147 3 
135 218 228 3 
136 247 45 2 
137 212 235 3 
138 200 210 1 
139 203 68 2 
140 293 134 1 
141 298 243 3 
142 46 66 1 
143 280 191 3 
144 100 123 1 
145 292 214 2 
146 165 97 1 
147 268 89 2 
148 47 281 1 
149 50 5 1 
