1 67 104 3 
2 204 213 1 
3 195 245 3 
4 41 98 1 
5 183 82 3 
6 194 169 1 
7 18 40 2 
8 269 288 1 
9 52 1 2 
10 272 143 1 
11 95 132 2 
12 216 287 1 
13 55 75 1 
14 234 33 1 
15 242 265 2 
16 278 133 3 
17 148 7 2 
18 186 220 3 
19 197 137 1 
20 124 180 3 
21 126 273 1 
22 117 211 2 
23 208 286 2 
24 4 240 3 
25 271 158 3 
26 29 9 2 
27 30 170 2 
28 28 79 2 
29 88 259 3 
30 290 159 3 
31 176 260 2 
32 16 80 2 
33 130 166 1 
34 168 225 2 
35 270 296 1 
36 87 146 3 
37 155 264 2 
38 81 115 1 
39 44 209 2 
40 112 162 2 
41 202 20 2 
42 283 17 1 
43 39 156 3 
44 86 174 1 
45 38 70 3 
46 90 113 2 
47 255 282 3 
48 6 192 3 
49 239 59 2 
50 24 149 2 
51 61 109 3 
52 151 171 1 
53 119 121 1 
54 140 188 3 
55 206 285 1 
56 190 258 2 
57 34 120 1 
58 172 111 3 
59 219 279 2 
60 92 131 1 
61 152 3 2 
62 182 201 1 
63 2 15 1 
64 35 54 2 
65 230 241 3 
66 12 215 2 
67 22 51 1 
68 68 76 3 
69 106 226 3 
70 229 232 1 
71 31 69 1 
72 129 193 2 
73 56 235 1 
74 65 237 2 
75 248 252 1 
76 254 36 3 
77 73 93 2 
78 157 267 3 
79 108 236 2 
80 244 48 1 
81 118 128 1 
82 136 154 3 
83 222 262 1 
84 32 63 3 
85 275 71 3 
86 181 221 2 
87 294 58 1 
88 78 295 1 
89 21 53 1 
90 116 199 3 
91 84 91 1 
92 217 49 1 
93 291 189 2 
94 198 138 1 
95 257 147 2 
96 83 103 2 
97 142 205 2 
98 62 139 2 
99 45 185 3 
100 266 187 2 
101 64 102 1 
102 144 196 3 
103 284 57 3 
104 110 177 3 
105 233 289 2 
106 228 203 2 
107 96 107 3 
108 200 72 2 
109 161 207 3 
110 145 165 1 
111 167 223 2 
112 247 261 3 
113 27 127 3 
114 10 26 1 
115 163 253 2 
116 14 135 1 
117 175 251 1 
118 276 25 3 
119 160 178 2 
120 11 94 3 
121 13 231 1 
122 238 280 2 
123 298 99 3 
124 46 249 3 
125 268 105 3 
126 141 227 3 
127 212 297 1 
128 184 123 1 
129 42 179 1 
130 246 274 3 
131 23 114 3 
132 214 218 2 
133 60 97 1 
134 19 43 2 
135 89 134 3 
136 293 125 3 
137 8 66 1 
138 85 164 3 
139 243 173 2 
140 277 5 1 
141 210 37 3 
142 50 77 3 
143 191 250 2 
144 74 263 3 
145 153 47 1 
146 101 224 2 
147 256 281 1 
148 122 150 2 
149 292 100 2 
