荀彧 0 7 2 0 37 38 27 19
荀攸 4 2 1 0 41 42 9 90
贾诩 3 4 2 0 237 238 235 197
郭嘉 1 7 2 0 62 61 58 291
程昱 1 6 1 0 31 32 33 277
戏志才 3 3 1 0 273 274 279 181
刘晔 1 6 1 0 167 168 165 200
蒋济 4 3 1 0 213 214 209 225
陈群 4 2 2 0 282 281 286 204
华歆 1 4 1 0 297 298 2 42
钟繇 2 6 2 0 198 197 188 208
满宠 0 7 1 0 19 20 17 37
董昭 1 5 2 0 295 296 289 293
王朗 3 5 0 0 131 132 135 287
崔琰 3 4 2 0 148 147 152 129
毛玠 1 5 2 0 136 135 132 210
杜畿 3 4 1 0 87 88 107 59
田畴 2 6 3 0 34 33 32 12
王修 2 6 2 0 12 11 6 34
杨修 2 4 2 0 48 47 52 32
辛毗 3 4 0 0 137 138 139 235
杨阜 2 6 1 0 241 242 247 215
田豫 2 4 1 0 141 142 125 149
王粲 0 8 2 0 184 183 190 134
蒯越 2 5 1 0 280 279 292 17
张继 1 7 1 0 57 58 61 233
杜袭 2 4 2 0 10 9 8 239
枣祗任峻 1 5 2 0 101 102 97 49
陈矫 3 4 2 0 254 253 252 278
郗虑 3 5 2 0 3 4 298 272
桓玠 1 6 2 0 60 59 56 152
丁仪 1 7 0 0 205 206 211 289
丁廙 3 4 0 0 59 60 65 87
司马朗 0 6 3 0 292 291 280 268
韩暨 1 6 0 0 127 128 129 165
韦康 1 5 1 0 135 136 131 161
邴原 2 6 1 0 193 194 191 201
赵俨 1 7 2 0 246 245 238 22
娄圭 2 4 2 0 163 164 155 151
贾逵 4 4 2 0 52 51 48 194
陈琳 0 8 1 0 281 282 285 203
司马懿 2 4 1 0 109 110 111 99
张辽 2 6 2 0 118 117 122 111
徐晃 2 5 1 0 145 146 153 115
夏侯惇 0 8 1 0 89 90 91 5
夏侯渊 2 5 2 0 102 101 98 162
庞德 2 6 3 0 142 141 126 130
张郃 2 4 0 0 71 72 79 93
李典 2 4 1 0 91 92 89 128
乐进 4 3 2 0 55 56 45 234
典韦 1 7 1 0 23 24 21 56
曹洪 1 5 1 0 250 249 260 262
曹仁 2 4 2 0 188 187 198 175
曹彰 4 3 2 0 225 226 223 213
曹纯 1 5 1 0 49 50 35 101
于禁 2 6 2 0 270 269 274 266
许褚 1 6 1 0 110 109 112 139
吕虔 1 5 1 0 261 262 271 249
李通 2 6 1 0 189 190 195 159
文聘 3 3 2 0 206 205 212 61
臧霸 2 5 1 0 39 40 43 27
郭淮 0 6 2 0 256 255 258 227
钟会 1 7 2 0 68 67 66 212
邓艾 3 5 2 0 271 272 261 259
曹休 2 6 1 0 88 87 108 96
张燕 2 6 3 0 92 91 90 76
张绣 0 6 2 0 150 149 160 105
朱灵 3 5 1 0 28 27 38 29
路昭 2 4 1 0 177 178 183 121
史涣 2 6 2 0 144 143 134 176
韩浩 1 5 3 0 294 293 288 224
王凌 2 4 2 0 106 105 104 108
孙礼 2 4 1 0 32 31 34 48
秦朗 1 6 0 0 187 188 197 251
郑文 4 3 1 0 245 246 255 6
夏侯尚 4 2 1 0 6 5 12 245
毌丘俭 2 4 0 0 99 100 113 109
诸葛诞 1 5 1 0 231 232 233 25
孙乾 4 4 0 0 75 76 83 143
简雍 3 5 1 0 259 260 249 271
糜竺 2 4 2 0 255 256 245 247
糜芳 3 4 1 0 264 263 278 283
庞统 2 4 0 0 221 222 229 267
法正 2 4 2 0 128 127 130 91
许靖 2 4 1 0 151 152 147 163
马良 0 7 2 0 77 78 53 43
徐庶 1 6 2 0 248 247 242 66
陈震 2 6 0 0 147 148 151 155
杨仪 3 5 1 0 279 280 273 288
费祎 3 4 2 0 220 219 218 230
蒋琬 2 6 1 0 266 265 268 270
孟优 2 4 2 0 140 139 138 160
黄皓 0 6 1 0 227 228 215 256
诸葛亮 2 4 2 0 149 150 143 141
关羽 2 6 2 0 284 283 276 286
张飞 0 6 1 0 105 106 103 150
马超 1 5 3 0 116 115 114 50
黄忠 3 5 1 0 54 53 78 132
赵云 4 2 2 0 90 89 92 41
魏延 3 4 3 0 278 277 264 254
关平 2 5 1 0 63 64 69 53
周仓 1 7 3 0 212 211 206 68
关兴 3 3 2 0 186 185 182 244
张苞 2 6 0 0 9 10 41 45
陈到 4 3 2 0 234 233 232 55
李严 3 5 1 0 15 16 13 18
姜维 1 7 1 0 157 158 161 97
廖化 2 4 2 0 84 83 94 73
马谡 0 6 1 0 74 73 76 85
马岱 3 4 2 0 65 66 59 33
陈式 3 3 3 0 44 43 40 38
雷铜 2 6 2 0 96 95 100 88
吴兰 4 3 1 0 67 68 73 290
王平 2 5 3 0 162 161 158 102
任夔 2 6 1 0 2 1 297 51
张翼 4 4 1 0 104 103 106 117
马忠 2 6 0 0 81 82 85 103
张南 2 4 0 0 121 122 133 177
冯习 1 6 1 0 251 252 253 187
傅佥 1 6 2 0 164 163 156 236
关索 3 4 1 0 242 241 248 252
陆逊 2 6 2 0 76 75 74 92
张昭 1 7 2 0 196 195 210 185
张紘 1 6 1 0 277 278 263 31
鲁肃 3 3 2 0 154 153 146 180
虞翻 1 6 1 0 218 217 220 222
顾雍 1 5 1 0 14 13 16 26
诸葛谨 4 4 1 0 169 170 159 216
诸葛恪 1 6 2 0 66 65 68 248
陆凯 1 5 0 0 25 26 29 231
骆统 1 7 2 0 226 225 236 214
周鲂 0 6 2 0 85 86 81 74
周瑜 3 4 1 0 156 155 164 166
吕蒙 1 6 2 0 222 221 230 218
甘宁 1 7 2 0 56 55 60 23
太史慈 1 5 2 0 26 25 30 14
程普 2 4 1 0 276 275 284 285
黄盖 3 3 0 0 119 120 123 171
韩当 2 4 2 0 207 208 203 192
周泰 1 6 1 0 165 166 167 127
蒋钦 1 6 3 0 152 151 148 60
丁奉 0 6 0 0 47 48 51 191
徐盛 4 3 2 0 113 114 99 98
陈武 2 5 1 0 17 18 19 280
凌操 3 5 2 0 18 17 20 15
凌统 2 5 1 0 239 240 243 10
潘璋 2 6 1 0 45 46 55 9
朱然 1 5 2 0 262 261 272 250
孙桓 4 2 2 0 133 134 121 126
马忠 3 5 2 0 16 15 14 4
孙韶 3 3 2 0 78 77 54 124
朱桓 3 3 1 0 171 172 179 119
夏恂 0 6 3 0 100 99 96 94
周平 2 6 1 0 219 220 217 229
全琮 0 8 0 0 203 204 207 281
于诠 3 3 2 0 38 37 28 44
张角 1 5 2 0 50 49 36 116
何进 1 7 0 0 97 98 101 157
董卓 0 6 2 0 122 121 118 178
袁绍 1 7 1 0 123 124 119 172
吕布 3 3 3 0 180 179 172 154
袁术 1 7 2 0 120 119 124 114
刘表 1 6 3 0 236 235 226 164
刘璋 0 8 1 0 173 174 175 125
马腾 3 4 2 0 283 284 275 264
张鲁 2 5 2 0 232 231 234 69
韩遂 2 4 1 0 247 248 241 255
公孙瓒 2 6 2 0 229 230 221 219
韩馥 1 7 1 0 214 213 224 226
刘岱 2 4 2 0 46 45 42 86
王匡 2 6 2 0 170 169 178 138
张邈 4 2 1 0 174 173 176 183
孔伷 3 4 1 0 33 34 31 65
陶谦 0 8 0 0 125 126 141 173
鲍信 3 3 3 0 24 23 22 20
桥瑁 2 5 1 0 69 70 63 232
袁遗 2 5 1 0 223 224 225 209
孔融 1 7 1 0 179 180 171 182
张超 3 5 2 0 40 39 44 36
张杨 2 4 3 0 108 107 88 106
刘度 2 4 1 0 73 74 67 84
赵范 3 3 2 0 20 19 18 24
金旋 1 5 2 0 224 223 214 294
韩玄 1 7 1 0 185 186 181 196
张宝 1 6 2 0 107 108 87 72
张梁 3 5 2 0 132 131 136 54
程远志 2 4 3 0 160 159 150 140
邓茂 4 2 1 0 204 203 208 282
马元义 2 4 0 0 199 200 201 217
赵弘 2 6 1 0 257 258 265 70
韩忠 3 4 1 0 129 130 127 148
孙夏 3 3 0 0 181 182 185 273
管亥 0 6 2 0 268 267 266 292
何仪 3 5 2 0 30 29 26 260
刘辟 2 4 1 0 267 268 269 221
龚都 1 6 1 0 238 237 246 253
裴元绍 3 4 1 0 235 236 237 137
高升 3 6 2 0 4 3 291 16
张闿 4 4 2 0 269 270 267 265
韩暹 4 3 1 0 290 289 296 67
李乐 0 6 1 0 191 192 193 47
杨奉 1 7 1 0 114 113 116 120
董承 3 4 3 0 112 111 110 80
王子服 2 4 1 0 217 218 219 199
李儒 4 3 1 0 158 157 162 195
陈宫 3 4 3 0 230 229 222 220
田丰 0 6 2 0 94 93 84 100
沮授 1 5 1 0 293 294 287 295
审配 1 6 2 0 200 199 202 167
许攸 1 6 2 0 253 254 251 238
郭图 1 5 3 0 210 209 196 136
逢纪 2 5 0 0 115 116 117 145
辛评 1 5 1 0 298 297 3 13
荀谌 2 3 2 0 291 292 4 62
辛毗 0 8 1 0 134 133 144 184
陈登 2 6 2 0 201 202 199 193
蒯良 3 4 2 0 166 165 168 156
王累 3 5 2 0 288 287 294 279
韩胤 4 4 2 0 117 118 115 104
沮鹄 2 4 3 0 86 85 82 46
杨弘 3 4 2 0 252 251 254 242
阎象 2 5 2 0 296 295 290 64
蒯越 2 5 2 0 64 63 70 296
伍孚 0 7 2 0 274 273 270 8
李傕 2 6 1 0 138 137 140 170
郭汜 4 3 1 0 98 97 102 113
颜良 3 3 1 0 21 22 23 211
文丑 3 3 1 0 7 8 1 58
潘凤 1 6 1 0 72 71 80 107
俞涉 1 6 0 0 263 264 277 275
武安国 0 6 3 0 178 177 170 122
穆顺 2 4 2 0 11 12 5 258
华雄 2 5 0 0 209 210 213 223
牛辅 3 5 1 0 146 145 154 240
张济 2 6 3 0 176 175 174 144
樊稠 1 6 1 0 275 276 283 263
胡轸 2 6 1 0 79 80 71 83
胡车儿 3 5 2 0 272 271 262 3
李肃 2 6 3 0 286 285 282 284
高顺 2 5 0 0 27 28 37 39
张任 4 2 1 0 126 125 142 133
高览 4 4 1 0 265 266 257 269
曹性 4 4 2 0 216 215 228 169
闵纯 1 5 1 0 13 14 15 298
纪灵 2 5 2 0 70 69 64 257
马休 2 6 0 0 159 160 169 189
马铁 1 7 2 0 172 171 180 123
高览 3 5 3 0 260 259 250 30
袁谭 0 7 1 0 153 154 145 243
袁熙 3 4 2 0 80 79 72 112
袁尚 3 5 2 0 240 239 244 146
高干 1 7 2 0 182 181 186 179
麴义 2 6 3 0 208 207 204 198
吕翔 3 5 1 0 287 288 293 131
吕旷 3 3 2 0 58 57 62 7
韩猛 3 4 1 0 197 198 187 237
淳于琼 2 5 0 0 53 54 77 63
焦触 2 4 1 0 93 94 95 71
张南 4 4 3 0 194 193 192 52
马延 3 5 0 0 1 2 7 35
雷薄 3 5 2 0 29 30 25 28
张勋 3 3 1 0 211 212 205 21
陈纪 1 7 1 0 289 290 295 205
桥蕤 2 4 1 0 175 176 173 188
郝萌 2 4 3 0 228 227 216 190
侯成 2 6 2 0 51 52 47 2
宋宪 1 5 2 0 161 162 157 135
魏续 3 5 1 0 36 35 50 40
成廉 2 6 0 0 215 216 227 241
蔡瑁 0 8 2 0 42 41 46 297
张允 2 6 1 0 103 104 105 81
黄祖 2 4 2 0 190 189 184 228
苏飞 2 6 1 0 111 112 109 118
吕公 3 5 1 0 35 36 49 1
侯选 0 7 1 0 43 44 39 77
程银 3 3 1 0 61 62 57 206
李堪 2 6 1 0 155 156 163 147
张横 4 2 2 0 183 184 177 174
梁兴 1 6 2 0 139 140 137 110
成宜 0 7 2 0 8 7 10 274
马玩 3 4 2 0 168 167 166 202
杨秋 1 5 0 0 249 250 259 261
张让 4 4 1 0 143 144 149 75
赵忠 3 3 3 0 244 243 240 186
封谞 4 3 2 0 195 196 189 158
段珪 4 4 2 0 95 96 93 82
曹节 3 3 3 0 124 123 120 78
侯览 0 7 2 0 243 244 239 153
蹇硕 0 8 0 0 5 6 11 89
程旷 2 4 2 0 285 286 281 276
夏恽 2 4 1 0 192 191 194 207
郭胜 2 6 2 0 130 129 128 142
吕伯奢 2 6 2 0 83 84 75 79
普净 2 4 2 0 258 257 256 11
华佗 1 7 2 0 22 21 24 246
于吉 1 7 1 0 233 234 231 57
左慈 4 4 1 0 82 81 86 95
吉平 3 4 3 0 202 201 200 168
