1 6 12 1 
2 18 20 2 
3 28 38 2 
4 40 44 2 
5 48 52 3 
6 54 78 2 
7 82 86 1 
8 90 92 1 
9 98 102 1 
10 104 106 1 
11 126 142 1 
12 146 154 2 
13 158 162 1 
14 166 168 2 
15 174 176 1 
16 192 194 3 
17 204 208 1 
18 216 228 1 
19 232 234 3 
20 240 244 2 
21 252 254 2 
22 264 278 2 
23 282 286 1 
24 290 296 1 
25 1 7 2 
26 9 41 3 
27 45 55 3 
28 59 65 2 
29 67 73 1 
30 75 83 1 
31 93 95 3 
32 99 113 3 
33 115 117 3 
34 121 133 3 
35 143 149 1 
36 159 169 3 
37 177 183 3 
38 189 195 3 
39 209 213 3 
40 223 225 3 
41 235 237 2 
42 245 255 1 
43 257 265 3 
44 267 269 3 
45 273 279 2 
46 4 291 1 
47 14 16 3 
48 22 24 3 
49 26 30 3 
50 32 34 2 
51 36 50 1 
52 58 62 1 
53 64 70 2 
54 72 80 3 
55 88 108 2 
56 110 112 3 
57 120 124 3 
58 128 130 2 
59 132 136 1 
60 138 140 2 
61 148 152 1 
62 156 164 1 
63 172 180 3 
64 182 186 3 
65 188 198 2 
66 200 202 3 
67 206 212 1 
68 218 220 3 
69 222 230 3 
70 242 248 1 
71 250 260 3 
72 262 272 3 
73 276 284 2 
74 288 294 1 
75 298 3 3 
76 13 15 3 
77 21 23 1 
78 25 29 3 
79 31 33 3 
80 35 49 1 
81 57 61 3 
82 63 69 2 
83 71 79 2 
84 87 107 1 
85 109 111 2 
86 119 123 1 
87 127 129 3 
88 131 135 1 
89 137 139 1 
90 147 151 2 
91 155 163 2 
92 171 179 1 
93 181 185 1 
94 187 197 3 
95 199 201 2 
96 205 211 3 
97 217 219 2 
98 221 229 2 
99 241 247 2 
100 249 259 3 
101 261 271 3 
102 275 283 3 
103 287 293 1 
104 2 297 1 
105 8 10 3 
106 42 46 3 
107 56 60 2 
108 66 68 2 
109 74 76 3 
110 84 94 1 
111 96 100 1 
112 114 116 2 
113 118 122 1 
114 134 144 3 
115 150 160 3 
116 170 178 1 
117 184 190 3 
118 196 210 2 
119 214 224 2 
120 226 236 2 
121 238 246 2 
122 256 258 3 
123 266 268 1 
124 270 274 1 
125 280 292 1 
126 5 11 3 
127 17 19 1 
128 27 37 1 
129 39 43 1 
130 47 51 3 
131 53 77 1 
132 81 85 1 
133 89 91 3 
134 97 101 2 
135 103 105 1 
136 125 141 3 
137 145 153 1 
138 157 161 2 
139 165 167 2 
140 173 175 3 
141 191 193 3 
142 203 207 3 
143 215 227 1 
144 231 233 2 
145 239 243 1 
146 251 253 2 
147 263 277 2 
148 281 285 3 
149 289 295 2 
