1 272 67 2 
2 126 204 2 
3 260 265 1 
4 213 234 2 
5 283 21 1 
6 137 119 1 
7 82 41 3 
8 242 52 3 
9 269 1 2 
10 192 159 1 
11 95 151 2 
12 168 175 3 
13 28 128 1 
14 194 109 1 
15 216 81 2 
16 132 59 1 
17 220 248 1 
18 34 22 2 
19 87 61 1 
20 130 186 2 
21 258 149 3 
22 222 80 2 
23 57 261 3 
24 37 60 1 
25 104 270 1 
26 240 55 1 
27 264 282 3 
28 30 225 1 
29 111 98 1 
30 273 245 1 
31 133 176 3 
32 86 143 2 
33 16 148 3 
34 63 158 3 
35 209 156 1 
36 241 206 3 
37 18 170 2 
38 190 76 2 
39 229 189 2 
40 266 199 1 
41 131 207 1 
42 181 42 2 
43 94 249 2 
44 172 197 3 
45 4 146 2 
46 75 287 3 
47 152 31 3 
48 155 70 3 
49 115 255 1 
50 262 14 3 
51 139 88 2 
52 226 10 1 
53 2 69 1 
54 180 51 3 
55 71 36 1 
56 252 91 1 
57 275 62 3 
58 294 274 2 
59 116 110 3 
60 105 13 1 
61 25 153 3 
62 46 297 2 
63 90 169 1 
64 290 154 1 
65 92 112 3 
66 113 271 2 
67 9 7 3 
68 211 40 3 
69 188 232 3 
70 44 278 1 
71 3 24 2 
72 174 163 3 
73 296 166 3 
74 64 219 3 
75 164 20 3 
76 26 182 1 
77 136 193 3 
78 227 223 1 
79 246 285 1 
80 289 250 1 
81 114 43 2 
82 85 11 2 
83 195 141 1 
84 253 259 1 
85 79 33 1 
86 239 73 3 
87 93 230 1 
88 118 208 2 
89 198 215 1 
90 171 162 3 
91 120 257 2 
92 12 129 2 
93 56 32 3 
94 205 84 1 
95 185 103 2 
96 106 140 2 
97 217 145 2 
98 237 99 2 
99 17 53 3 
100 23 107 3 
101 236 35 2 
102 138 231 3 
103 251 8 2 
104 263 65 1 
105 96 196 3 
106 102 157 2 
107 224 200 2 
108 167 49 2 
109 293 276 2 
110 117 292 3 
111 29 286 1 
112 221 202 1 
113 279 6 3 
114 267 108 2 
115 254 39 2 
116 15 247 2 
117 72 78 2 
118 68 27 2 
119 150 48 3 
120 191 178 3 
121 160 295 2 
122 144 238 3 
123 122 161 3 
124 100 183 1 
125 47 38 3 
126 147 187 3 
127 233 58 1 
128 244 235 1 
129 54 125 3 
130 121 291 1 
131 83 228 1 
132 124 45 3 
133 277 127 2 
134 177 173 1 
135 77 280 1 
136 243 268 1 
137 142 288 3 
138 19 201 1 
139 184 256 2 
140 74 203 2 
141 218 298 3 
142 134 50 2 
143 89 284 1 
144 135 212 1 
145 165 179 1 
146 214 66 1 
147 97 5 2 
148 210 101 2 
149 123 281 1 
