荀彧 11 335 6 0 37 38 27 19 210 280 227 208 288 117 153
荀攸 14 589 5 0 41 42 9 90 98 245 204 194 126 67 272
贾诩 9 428 5 0 237 238 235 197 65 296 88 275 110 185 62
郭嘉 9 429 4 0 62 61 58 291 139 200 137 8 107 42 237
程昱 11 474 5 0 31 32 33 277 69 229 287 206 137 64 186
戏志才 11 509 5 0 273 274 279 181 126 56 278 98 159 34 111
刘晔 8 361 5 0 167 168 165 200 223 160 127 150 276 161 293
蒋济 13 511 6 0 213 214 209 225 204 195 55 75 52 240 216
陈群 12 526 5 0 282 281 286 204 255 148 245 283 260 133 1
华歆 9 337 5 0 297 298 2 42 212 224 268 101 29 122 117
钟繇 8 479 5 0 198 197 188 208 138 190 33 152 61 232 230
满宠 6 419 5 0 19 20 17 37 43 243 289 141 179 8 68
董昭 6 386 4 0 295 296 289 293 78 77 231 161 46 203 298
王朗 10 448 5 0 131 132 135 287 92 187 93 24 166 20 296
崔琰 12 485 4 0 148 147 152 129 7 282 255 287 209 159 151
毛玠 10 424 5 0 136 135 132 210 154 157 8 60 14 222 181
杜畿 12 481 5 0 87 88 107 59 146 93 129 115 192 7 248
田畴 13 492 4 0 34 33 32 12 120 80 192 158 30 273 21
王修 9 458 6 0 12 11 6 34 215 207 244 170 26 10 88
杨修 8 385 5 0 48 47 52 32 244 125 134 127 249 25 11
辛毗 13 472 5 0 137 138 139 235 197 248 62 70 31 220 22
杨阜 10 471 6 0 241 242 247 215 230 168 22 56 39 120 232
田豫 9 377 4 0 141 142 125 149 227 251 256 19 178 43 253
王粲 6 399 5 0 184 183 190 134 123 172 207 42 291 251 178
蒯越 5 366 5 0 280 279 292 17 238 37 253 191 89 165 179
张继 12 418 5 0 57 58 61 233 284 108 94 222 226 82 270
杜袭 11 453 5 0 10 9 8 239 26 107 24 76 170 12 149
枣祗任峻 4 323 5 0 101 102 97 49 224 179 247 297 292 212 66
陈矫 8 424 5 0 254 253 252 278 36 164 23 144 53 99 223
郗虑 10 469 6 0 3 4 298 272 152 290 38 118 80 44 206
桓玠 11 425 4 0 60 59 56 152 97 42 217 136 140 236 116
丁仪 9 461 5 0 205 206 211 289 142 106 166 80 69 147 2
丁廙 11 507 5 0 59 60 65 87 239 71 70 109 98 16 75
司马朗 7 245 4 0 292 291 280 268 100 281 123 214 101 244 288
韩暨 7 407 5 0 127 128 129 165 27 94 167 48 293 200 231
韦康 5 414 5 0 135 136 131 161 14 268 261 250 203 144 45
邴原 8 437 5 0 193 194 191 201 129 6 170 138 163 182 108
赵俨 8 417 5 0 246 245 238 22 274 123 235 114 42 107 247
娄圭 10 444 5 0 163 164 155 151 253 68 2 51 193 275 207
贾逵 14 532 6 0 52 51 48 194 1 158 9 55 213 272 126
陈琳 3 359 5 0 281 282 285 203 256 292 293 47 5 97 97
司马懿 13 524 5 0 109 110 111 99 61 98 188 59 132 4 265
张辽 8 488 5 0 118 117 122 111 128 21 6 3 215 156 79
徐晃 9 440 4 0 145 146 153 115 165 236 229 223 17 6 71
夏侯惇 6 296 6 0 89 90 91 5 134 150 97 268 280 66 47
夏侯渊 8 395 6 0 102 101 98 162 64 144 200 236 125 72 196
庞德 6 475 6 0 142 141 126 130 205 201 80 35 147 100 221
张郃 9 439 5 0 71 72 79 93 275 59 223 207 88 190 145
李典 9 432 6 0 91 92 89 128 84 153 25 261 78 23 140
乐进 10 543 5 0 55 56 45 234 75 194 213 52 264 90 169
典韦 7 418 5 0 23 24 21 56 114 293 254 179 182 91 291
曹洪 9 389 4 0 250 249 260 262 191 173 251 135 157 150 85
曹仁 10 487 5 0 188 187 198 175 140 211 109 278 16 79 86
曹彰 10 523 5 0 225 226 223 213 168 79 264 9 40 1 90
曹纯 8 338 5 0 49 50 35 101 217 238 105 257 100 47 276
于禁 11 557 5 0 270 269 274 266 296 132 272 156 240 216 57
许褚 9 424 4 0 110 109 112 139 177 45 212 171 237 36 236
吕虔 12 418 5 0 261 262 271 249 247 14 135 91 43 289 222
李通 10 449 5 0 189 190 195 159 291 147 208 154 79 129 20
文聘 10 470 5 0 206 205 212 61 285 151 182 31 76 168 3
臧霸 7 438 5 0 39 40 43 27 156 121 73 162 241 38 6
郭淮 6 394 4 0 256 255 258 227 281 161 141 173 25 11 160
钟会 6 413 5 0 68 67 66 212 76 163 85 203 144 235 19
邓艾 9 496 5 0 271 272 261 259 158 258 230 106 152 183 278
曹休 9 459 5 0 88 87 108 96 259 181 237 175 71 199 12
张燕 10 508 5 0 92 91 90 76 131 154 260 290 113 143 30
张绣 7 391 5 0 150 149 160 105 122 89 191 167 94 250 78
朱灵 12 453 5 0 28 27 38 29 79 155 112 168 73 255 63
路昭 7 388 5 0 177 178 183 121 110 38 139 85 217 218 200
史涣 7 383 5 0 144 143 134 176 196 102 233 254 68 135 191
韩浩 10 410 5 0 294 293 288 224 58 149 285 169 105 172 13
王凌 8 461 6 0 106 105 104 108 226 205 147 271 257 286 129
孙礼 8 468 5 0 32 31 34 48 63 203 16 166 244 171 257
秦朗 7 458 4 0 187 188 197 251 266 131 15 38 2 166 84
郑文 12 506 5 0 245 246 255 6 195 41 282 260 33 197 95
夏侯尚 7 441 5 0 6 5 12 245 192 193 118 15 84 145 39
毌丘俭 8 442 4 0 99 100 113 109 298 249 149 27 236 254 53
诸葛诞 7 407 5 0 231 232 233 25 13 46 295 153 224 253 127
孙乾 11 508 5 0 75 76 83 143 55 286 146 213 265 113 59
简雍 7 505 4 0 259 260 249 271 88 265 115 61 219 93 38
糜竺 10 477 5 0 255 256 245 247 282 17 148 232 56 28 155
糜芳 11 536 6 0 264 263 278 283 155 260 225 183 55 265 240
庞统 6 460 6 0 221 222 229 267 181 115 121 155 129 29 142
法正 12 423 5 0 128 127 130 91 118 233 162 185 164 207 266
许靖 12 484 5 0 151 152 147 163 171 206 119 220 248 211 148
马良 7 368 5 0 77 78 53 43 50 295 153 276 238 191 157
徐庶 12 482 4 0 248 247 242 66 252 137 222 36 151 119 87
陈震 7 459 5 0 147 148 151 155 257 189 106 58 142 205 93
杨仪 7 445 5 0 279 280 273 288 219 35 168 20 180 2 267
费祎 11 487 6 0 220 219 218 230 186 180 194 151 21 137 287
蒋琬 12 433 5 0 266 265 268 270 187 235 239 84 296 139 128
孟优 9 435 5 0 140 139 138 160 188 25 14 107 60 217 91
黄皓 10 415 5 0 227 228 215 256 141 105 37 94 263 196 249
诸葛亮 11 455 5 0 149 150 143 141 24 294 99 63 190 51 10
关羽 5 444 5 0 284 283 276 286 57 214 51 17 247 45 58
张飞 9 394 5 0 105 106 103 150 268 227 49 285 294 94 263
马超 11 407 5 0 116 115 114 50 199 253 125 196 117 104 60
黄忠 6 444 5 0 54 53 78 132 35 129 61 274 228 108 235
赵云 10 532 5 0 90 89 92 41 113 20 95 265 234 55 225
魏延 9 484 5 0 278 277 264 254 133 16 273 188 211 215 271
关平 12 469 5 0 63 64 69 53 32 124 21 149 175 170 28
周仓 5 399 4 0 212 211 206 68 297 120 110 235 58 101 173
关兴 11 472 5 0 186 185 182 244 220 30 154 215 4 115 31
张苞 9 505 6 0 9 10 41 45 29 33 52 225 133 290 113
陈到 13 514 5 0 234 233 232 55 33 272 216 4 90 81 132
李严 8 428 5 0 15 16 13 18 2 83 187 6 185 124 182
姜维 7 370 4 0 157 158 161 97 267 136 173 251 250 46 77
廖化 7 454 5 0 84 83 94 73 91 199 164 266 6 274 187
马谡 5 384 5 0 74 73 76 85 263 5 276 178 11 268 218
马岱 7 414 5 0 65 66 59 33 237 196 171 124 275 17 277
陈式 10 480 5 0 44 43 40 38 209 112 132 129 115 3 18
雷铜 8 403 5 0 96 95 100 88 107 43 165 72 223 125 251
吴兰 16 537 4 0 67 68 73 290 104 242 265 240 204 41 283
王平 8 455 5 0 162 161 158 102 112 36 128 39 168 181 103
任夔 9 460 5 0 2 1 297 51 15 76 163 296 187 279 205
张翼 12 568 5 0 104 103 106 117 67 204 133 126 269 116 242
马忠 11 519 5 0 81 82 85 103 115 130 158 111 154 234 4
张南 6 427 5 0 121 122 133 177 119 39 221 233 181 138 124
冯习 8 411 5 0 251 252 253 187 175 141 250 157 173 184 96
傅佥 8 446 6 0 164 163 156 236 85 254 84 182 128 252 202
关索 12 555 6 0 242 241 248 252 265 67 195 117 1 269 104
陆逊 11 447 5 0 76 75 74 92 68 2 86 10 206 229 199
张昭 8 401 5 0 196 195 210 185 144 65 190 116 27 227 102
张紘 7 413 5 0 277 278 263 31 5 275 43 160 13 291 65
鲁肃 10 510 4 0 154 153 146 180 136 92 186 189 81 30 133
虞翻 5 384 6 0 218 217 220 222 214 138 201 228 210 177 74
顾雍 11 461 5 0 14 13 16 26 135 261 140 199 136 226 80
诸葛谨 10 560 4 0 169 170 159 216 194 119 288 294 195 146 55
诸葛恪 4 349 5 0 66 65 68 248 8 210 50 46 268 89 101
陆凯 10 388 5 0 25 26 29 231 276 140 91 11 256 48 290
骆统 11 449 6 0 226 225 236 214 106 244 180 119 57 14 258
周鲂 9 379 5 0 85 86 81 74 164 97 68 177 172 78 250
周瑜 10 486 5 0 156 155 164 166 39 192 113 270 112 118 211
吕蒙 12 423 5 0 222 221 230 218 262 217 248 57 36 136 261
甘宁 9 454 5 0 56 55 60 23 235 273 202 241 255 73 51
太史慈 9 450 6 0 26 25 30 14 10 247 53 202 12 267 166
程普 8 360 5 0 276 275 284 285 25 298 74 77 167 238 49
黄盖 14 429 5 0 119 120 123 171 121 169 151 226 146 248 82
韩当 10 432 5 0 207 208 203 192 161 12 184 71 252 128 163
周泰 5 356 5 0 165 166 167 127 145 27 96 97 47 280 268
蒋钦 9 502 5 0 152 151 148 60 3 4 257 198 271 195 239
丁奉 6 333 5 0 47 48 51 191 153 100 5 281 165 49 89
徐盛 9 512 5 0 113 114 99 98 90 170 156 95 92 75 9
陈武 9 426 5 0 17 18 19 280 283 255 185 284 145 65 274
凌操 10 478 5 0 18 17 20 15 40 240 4 79 230 158 44
凌统 9 490 5 0 239 240 243 10 59 209 266 286 103 176 152
潘璋 5 428 4 0 45 46 55 9 185 110 262 247 108 284 135
朱然 9 469 6 0 262 261 272 250 222 139 45 244 35 174 73
孙桓 10 508 5 0 133 134 121 126 278 216 104 1 9 282 154
马忠 11 490 5 0 16 15 14 4 80 278 32 7 188 59 176
孙韶 7 401 5 0 78 77 54 124 295 24 175 43 91 85 150
朱桓 8 470 5 0 171 172 179 119 151 175 65 110 83 32 120
夏恂 7 343 5 0 100 99 96 94 292 47 238 123 49 142 122
周平 8 460 5 0 219 220 217 229 279 215 103 33 259 86 286
全琮 6 378 4 0 203 204 207 281 228 32 114 68 135 295 238
于诠 7 466 5 0 38 37 28 44 70 177 3 187 232 39 259
张角 6 354 5 0 50 49 36 116 77 122 66 5 214 298 161
何进 3 358 5 0 97 98 101 157 60 85 89 165 123 281 281
董卓 7 363 5 0 122 121 118 178 150 50 298 253 153 297 100
袁绍 4 390 5 0 123 124 119 172 184 246 292 100 97 160 134
吕布 10 451 6 0 180 179 172 154 124 220 226 229 279 70 69
袁术 8 468 6 0 120 119 124 114 34 212 69 112 155 241 171
刘表 9 415 5 0 236 235 226 164 108 145 267 102 99 60 110
刘璋 5 388 5 0 173 174 175 125 243 250 157 256 251 179 212
马腾 15 489 5 0 283 284 275 264 17 183 159 282 82 126 67
张鲁 10 472 5 0 232 231 234 69 229 51 181 255 38 198 241
韩遂 8 420 5 0 247 248 241 255 261 26 101 45 284 228 246
公孙瓒 11 449 5 0 229 230 221 219 232 31 145 180 139 76 190
韩馥 5 381 5 0 214 213 224 226 218 284 179 292 50 210 243
刘岱 9 363 5 0 46 45 42 86 249 231 243 66 295 157 224
王匡 12 453 4 0 170 169 178 138 30 113 193 12 10 63 168
张邈 9 466 5 0 174 173 176 183 86 185 79 132 130 262 64
孔伷 8 509 5 0 33 34 31 65 234 9 198 219 245 40 208
陶谦 6 434 4 0 125 126 141 173 293 48 116 263 102 96 228
鲍信 8 476 5 0 24 23 22 20 149 78 10 131 64 257 29
桥瑁 10 463 5 0 69 70 63 232 31 228 120 83 205 209 180
袁遗 8 424 4 0 223 224 225 209 167 134 71 145 96 13 254
孔融 5 372 4 0 179 180 171 182 42 101 214 23 19 173 280
张超 10 484 5 0 40 39 44 36 18 1 258 288 225 33 209
张杨 8 430 6 0 108 107 88 106 236 57 275 53 45 54 193
刘度 9 472 5 0 73 74 67 84 93 61 39 21 28 56 262
赵范 10 450 5 0 20 19 18 24 202 90 64 279 22 131 189
金旋 9 356 6 0 224 223 214 294 101 297 291 238 231 153 46
韩玄 9 441 5 0 185 186 181 196 45 174 17 128 15 237 36
张宝 8 414 4 0 107 108 87 72 96 10 160 140 62 246 8
张梁 13 506 5 0 132 131 136 54 95 270 44 174 109 111 234
程远志 6 390 6 0 160 159 150 140 178 167 107 277 72 123 256
邓茂 14 576 4 0 204 203 208 282 213 104 41 82 67 194 269
马元义 11 428 5 0 199 200 201 217 116 84 36 14 258 88 76
赵弘 8 465 6 0 257 258 265 70 147 230 152 49 106 24 32
韩忠 8 464 5 0 129 130 127 148 193 54 87 44 221 189 106
孙夏 10 428 5 0 181 182 185 273 221 88 232 93 121 162 136
管亥 5 360 4 0 268 267 266 292 105 135 297 89 66 74 165
何仪 10 523 5 0 30 29 26 260 170 186 155 176 34 154 92
刘辟 7 444 6 0 267 268 269 221 157 287 236 139 51 26 279
龚都 6 372 5 0 238 237 246 253 280 49 100 224 77 276 203
裴元绍 6 446 4 0 235 236 237 137 56 266 246 212 274 68 54
高升 11 513 6 0 4 3 291 16 240 152 18 234 186 109 81
张闿 14 534 5 0 269 270 267 265 288 82 117 258 104 242 204
韩暹 9 521 5 0 290 289 296 67 159 3 286 92 208 9 25
李乐 7 381 6 0 191 192 193 47 250 11 150 280 161 77 144
杨奉 8 401 6 0 114 113 116 120 23 8 203 246 124 201 27
董承 10 501 4 0 112 111 110 80 162 44 28 120 156 61 143
王子服 7 438 5 0 217 218 219 199 49 222 60 172 177 140 83
李儒 10 486 5 0 158 157 162 195 271 52 81 34 286 18 7
陈宫 8 486 4 0 230 229 222 220 241 257 271 29 18 103 198
田丰 11 394 6 0 94 93 84 100 11 127 57 227 150 105 42
沮授 8 352 6 0 293 294 287 295 125 23 281 134 127 178 167
审配 7 385 5 0 200 199 202 167 72 62 102 210 8 127 177
许攸 9 369 5 0 253 254 251 238 163 116 280 122 243 231 141
郭图 3 409 6 0 210 209 196 136 37 66 42 200 218 214 5
逢纪 9 478 5 0 115 116 117 145 81 221 259 87 44 186 215
辛评 6 376 5 0 298 297 3 13 99 276 122 243 134 50 295
荀谌 7 420 4 0 291 292 4 62 189 103 224 249 184 277 23
辛毗 4 359 5 0 134 133 144 184 89 223 48 293 298 5 123
陈登 6 408 5 0 201 202 199 193 182 142 218 64 138 114 72
蒯良 9 453 5 0 166 165 168 156 130 64 205 32 131 187 26
王累 6 527 5 0 288 287 294 279 269 111 169 40 37 208 292
韩胤 8 538 6 0 117 118 115 104 211 208 269 242 116 37 297
沮鹄 10 497 5 0 86 85 82 46 174 70 76 159 7 219 188
杨弘 10 437 6 0 252 251 254 242 248 58 124 190 207 164 275
阎象 10 449 5 0 296 295 290 64 270 237 274 2 266 35 131
蒯越 9 463 6 0 64 63 70 296 102 166 20 201 24 31 174
伍孚 9 424 5 0 274 273 270 8 246 72 296 54 235 84 17
李傕 8 421 6 0 138 137 140 170 198 218 228 193 201 121 35
郭汜 12 504 5 0 98 97 102 113 41 109 211 273 59 260 159
颜良 13 484 5 0 21 22 23 211 53 118 63 73 220 287 34
文丑 10 486 5 0 7 8 1 58 148 159 183 16 86 87 158
潘凤 6 413 5 0 72 71 80 107 200 274 27 96 160 102 201
俞涉 9 401 5 0 263 264 277 275 74 178 249 125 227 285 105
武安国 6 394 5 0 178 177 170 122 160 263 13 74 141 293 184
穆顺 8 383 5 0 11 12 5 258 94 191 161 25 74 256 48
华雄 10 484 5 0 209 210 213 223 44 239 176 22 148 69 40
牛辅 10 549 5 0 146 145 154 240 87 95 75 143 119 169 197
张济 11 499 5 0 176 175 174 144 260 202 209 30 287 239 16
樊稠 10 446 5 0 275 276 283 263 71 277 108 237 65 163 252
胡轸 8 487 6 0 79 80 71 83 28 225 174 18 189 188 118
胡车儿 14 534 5 0 272 271 262 3 143 234 270 216 111 52 41
李肃 8 460 5 0 286 285 282 284 208 75 290 239 158 106 219
高顺 8 402 4 0 27 28 37 39 127 165 72 99 196 249 114
张任 14 533 5 0 126 125 142 133 273 197 82 104 41 283 52
高览 13 545 5 0 265 266 257 269 242 259 67 90 75 264 109
曹性 13 523 5 0 216 215 228 169 287 133 234 272 194 270 213
闵纯 10 400 5 0 13 14 15 298 231 285 178 289 277 223 294
纪灵 10 466 5 0 70 69 64 257 38 86 59 137 202 180 139
马休 12 498 5 0 159 160 169 189 290 7 283 86 273 148 98
马铁 10 393 5 0 172 171 180 123 111 184 58 217 85 294 289
高览 14 507 5 0 260 259 250 30 176 264 92 245 282 98 192
袁谭 11 373 5 0 153 154 145 243 47 91 77 231 122 224 37
袁熙 11 468 4 0 80 79 72 112 16 34 142 205 3 22 14
袁尚 11 536 5 0 240 239 244 146 4 18 1 67 270 213 264
高干 8 433 5 0 182 181 186 179 201 22 206 164 23 193 15
麴义 8 493 5 0 208 207 204 198 286 117 189 37 290 288 33
吕翔 11 488 5 0 287 288 293 131 216 267 31 148 176 21 220
吕旷 5 457 4 0 58 57 62 7 294 252 172 147 212 83 284
韩猛 10 541 5 0 197 198 187 237 137 126 130 192 95 245 146
淳于琼 8 447 4 0 53 54 77 63 21 289 26 108 254 202 99
焦触 7 489 4 0 93 94 95 71 73 87 131 181 233 259 147
张南 12 593 5 0 194 193 192 52 169 55 220 41 216 204 175
马延 12 527 5 0 1 2 7 35 52 40 240 133 242 225 282
雷薄 8 471 6 0 29 30 25 28 9 143 215 230 297 221 24
张勋 10 487 5 0 211 212 205 21 117 188 98 130 278 151 156
陈纪 10 395 5 0 289 290 295 205 233 53 19 13 285 261 172
桥蕤 13 434 4 0 175 176 173 188 251 171 78 88 63 258 194
郝萌 6 432 5 0 228 227 216 190 203 69 138 218 54 247 125
侯成 9 457 5 0 51 52 47 2 22 232 284 163 267 149 56
宋宪 6 366 5 0 161 162 157 135 207 256 11 295 191 167 50
魏续 9 447 5 0 36 35 50 40 254 162 199 248 222 110 185
成廉 9 481 4 0 215 216 227 241 12 219 29 186 118 278 115
蔡瑁 11 406 5 0 42 41 46 297 179 60 210 184 246 62 94
张允 8 458 5 0 103 104 105 81 83 291 219 195 239 230 162
黄祖 11 435 6 0 190 189 184 228 258 198 196 252 149 71 229
苏飞 11 519 5 0 111 112 109 118 172 288 143 81 272 132 273
吕公 8 423 5 0 35 36 49 1 54 279 83 142 262 296 138
侯选 9 396 5 0 43 44 39 77 19 96 277 78 261 141 285
程银 12 479 4 0 61 62 57 206 109 73 54 259 198 112 130
李堪 10 475 6 0 155 156 163 147 264 28 30 221 120 130 255
张横 7 507 5 0 183 184 177 174 82 283 7 264 143 271 195
梁兴 10 458 5 0 139 140 137 110 62 262 177 267 229 266 70
成宜 8 412 5 0 8 7 10 274 66 114 136 62 200 19 107
马玩 12 450 5 0 168 167 166 202 225 241 279 28 162 206 170
杨秋 10 411 5 0 249 250 259 261 46 99 263 291 48 27 227
张让 10 501 5 0 143 144 149 75 272 29 111 146 183 92 112
赵忠 6 455 5 0 244 243 240 186 48 226 12 262 32 292 233
封谞 7 519 5 0 195 196 189 158 245 213 242 103 169 152 183
段珪 12 512 5 0 95 96 93 82 132 146 90 113 197 192 245
曹节 6 419 5 0 124 123 120 78 180 63 252 65 114 15 121
侯览 5 367 5 0 243 244 239 153 173 19 46 298 253 233 214
蹇硕 4 288 5 0 5 6 11 89 277 74 47 50 281 134 210
程旷 9 410 5 0 285 286 281 276 206 13 294 105 289 263 43
夏恽 14 506 5 0 192 191 194 207 6 156 34 197 87 95 260
郭胜 12 473 5 0 130 129 128 142 166 81 197 211 174 155 61
吕伯奢 7 429 5 0 83 84 75 79 103 15 35 69 171 58 217
普净 11 452 5 0 258 257 256 11 190 271 40 269 199 175 226
华佗 13 472 4 0 22 21 24 246 51 182 241 209 20 80 137
于吉 6 453 5 0 233 234 231 57 289 128 144 121 93 243 244
左慈 13 609 5 0 82 81 86 95 183 269 126 204 283 57 119
吉平 8 450 5 0 202 201 200 168 20 176 56 26 70 53 164
