荀彧 5 42 3 0 37 38 27 19 210 280 227
荀攸 10 62 3 0 41 42 9 90 98 245 204
贾诩 6 52 3 0 237 238 235 197 65 296 88
郭嘉 5 50 3 0 62 61 58 291 139 200 137
程昱 7 53 3 0 31 32 33 277 69 229 287
戏志才 7 56 3 0 273 274 279 181 126 56 278
刘晔 4 47 3 0 167 168 165 200 223 160 127
蒋济 8 63 4 0 213 214 209 225 204 195 55
陈群 8 57 3 0 282 281 286 204 255 148 245
华歆 2 41 4 0 297 298 2 42 212 224 268
钟繇 5 67 3 0 198 197 188 208 138 190 33
满宠 4 50 2 0 19 20 17 37 43 243 289
董昭 4 44 4 0 295 296 289 293 78 77 231
王朗 4 62 2 0 131 132 135 287 92 187 93
崔琰 6 56 3 0 148 147 152 129 7 282 255
毛玠 5 49 3 0 136 135 132 210 154 157 8
杜畿 6 61 2 0 87 88 107 59 146 93 129
田畴 7 57 3 0 34 33 32 12 120 80 192
王修 5 55 4 0 12 11 6 34 215 207 244
杨修 3 51 3 0 48 47 52 32 244 125 134
辛毗 5 51 2 0 137 138 139 235 197 248 62
杨阜 6 54 3 0 241 242 247 215 230 168 22
田豫 3 50 3 0 141 142 125 149 227 251 256
王粲 5 53 3 0 184 183 190 134 123 172 207
蒯越 3 44 4 0 280 279 292 17 238 37 253
张继 6 46 3 0 57 58 61 233 284 108 94
杜袭 6 53 3 0 10 9 8 239 26 107 24
枣祗任峻 3 34 2 0 101 102 97 49 224 179 247
陈矫 3 57 3 0 254 253 252 278 36 164 23
郗虑 5 59 3 0 3 4 298 272 152 290 38
桓玠 5 51 3 0 60 59 56 152 97 42 217
丁仪 5 61 3 0 205 206 211 289 142 106 166
丁廙 7 53 2 0 59 60 65 87 239 71 70
司马朗 2 36 3 0 292 291 280 268 100 281 123
韩暨 4 48 2 0 127 128 129 165 27 94 167
韦康 4 45 3 0 135 136 131 161 14 268 261
邴原 5 56 3 0 193 194 191 201 129 6 170
赵俨 3 59 3 0 246 245 238 22 274 123 235
娄圭 5 55 3 0 163 164 155 151 253 68 2
贾逵 7 64 3 0 52 51 48 194 1 158 9
陈琳 1 55 3 0 281 282 285 203 256 292 293
司马懿 7 53 3 0 109 110 111 99 61 98 188
张辽 5 56 3 0 118 117 122 111 128 21 6
徐晃 5 53 2 0 145 146 153 115 165 236 229
夏侯惇 1 46 3 0 89 90 91 5 134 150 97
夏侯渊 3 56 3 0 102 101 98 162 64 144 200
庞德 5 62 4 0 142 141 126 130 205 201 80
张郃 5 53 3 0 71 72 79 93 275 59 223
李典 4 46 3 0 91 92 89 128 84 153 25
乐进 8 63 3 0 55 56 45 234 75 194 213
典韦 3 57 2 0 23 24 21 56 114 293 254
曹洪 3 47 3 0 250 249 260 262 191 173 251
曹仁 7 53 4 0 188 187 198 175 140 211 109
曹彰 6 65 3 0 225 226 223 213 168 79 264
曹纯 5 38 3 0 49 50 35 101 217 238 105
于禁 8 57 4 0 270 269 274 266 296 132 272
许褚 3 60 3 0 110 109 112 139 177 45 212
吕虔 4 46 2 0 261 262 271 249 247 14 135
李通 5 68 3 0 189 190 195 159 291 147 208
文聘 6 50 3 0 206 205 212 61 285 151 182
臧霸 6 54 2 0 39 40 43 27 156 121 73
郭淮 3 51 2 0 256 255 258 227 281 161 141
钟会 3 54 2 0 68 67 66 212 76 163 85
邓艾 4 71 3 0 271 272 261 259 158 258 230
曹休 6 53 2 0 88 87 108 96 259 181 237
张燕 6 60 4 0 92 91 90 76 131 154 260
张绣 3 46 3 0 150 149 160 105 122 89 191
朱灵 6 57 2 0 28 27 38 29 79 155 112
路昭 5 53 4 0 177 178 183 121 110 38 139
史涣 3 59 3 0 144 143 134 176 196 102 233
韩浩 6 42 4 0 294 293 288 224 58 149 285
王凌 3 65 3 0 106 105 104 108 226 205 147
孙礼 5 58 2 0 32 31 34 48 63 203 16
秦朗 4 61 2 0 187 188 197 251 266 131 15
郑文 8 57 3 0 245 246 255 6 195 41 282
夏侯尚 5 57 2 0 6 5 12 245 192 193 118
毌丘俭 6 50 2 0 99 100 113 109 298 249 149
诸葛诞 4 43 4 0 231 232 233 25 13 46 295
孙乾 7 65 3 0 75 76 83 143 55 286 146
简雍 6 60 2 0 259 260 249 271 88 265 115
糜竺 6 55 4 0 255 256 245 247 282 17 148
糜芳 6 64 4 0 264 263 278 283 155 260 225
庞统 4 59 3 0 221 222 229 267 181 115 121
法正 5 54 4 0 128 127 130 91 118 233 162
许靖 8 47 2 0 151 152 147 163 171 206 119
马良 4 44 3 0 77 78 53 43 50 295 153
徐庶 7 45 2 0 248 247 242 66 252 137 222
陈震 3 68 2 0 147 148 151 155 257 189 106
杨仪 6 58 2 0 279 280 273 288 219 35 168
费祎 9 50 4 0 220 219 218 230 186 180 194
蒋琬 5 59 3 0 266 265 268 270 187 235 239
孟优 6 47 3 0 140 139 138 160 188 25 14
黄皓 5 41 3 0 227 228 215 256 141 105 37
诸葛亮 6 49 3 0 149 150 143 141 24 294 99
关羽 4 57 3 0 284 283 276 286 57 214 51
张飞 5 38 3 0 105 106 103 150 268 227 49
马超 5 44 3 0 116 115 114 50 199 253 125
黄忠 4 60 2 0 54 53 78 132 35 129 61
赵云 7 60 3 0 90 89 92 41 113 20 95
魏延 7 56 4 0 278 277 264 254 133 16 273
关平 7 50 3 0 63 64 69 53 32 124 21
周仓 3 59 4 0 212 211 206 68 297 120 110
关兴 6 62 4 0 186 185 182 244 220 30 154
张苞 7 64 2 0 9 10 41 45 29 33 52
陈到 8 59 3 0 234 233 232 55 33 272 216
李严 4 60 3 0 15 16 13 18 2 83 187
姜维 3 49 3 0 157 158 161 97 267 136 173
廖化 5 52 3 0 84 83 94 73 91 199 164
马谡 3 47 1 0 74 73 76 85 263 5 276
马岱 4 54 3 0 65 66 59 33 237 196 171
陈式 6 58 3 0 44 43 40 38 209 112 132
雷铜 2 54 3 0 96 95 100 88 107 43 165
吴兰 8 60 2 0 67 68 73 290 104 242 265
王平 5 54 4 0 162 161 158 102 112 36 128
任夔 5 55 3 0 2 1 297 51 15 76 163
张翼 8 63 3 0 104 103 106 117 67 204 133
马忠 7 59 2 0 81 82 85 103 115 130 158
张南 4 59 2 0 121 122 133 177 119 39 221
冯习 3 47 3 0 251 252 253 187 175 141 250
傅佥 5 52 3 0 164 163 156 236 85 254 84
关索 6 66 3 0 242 241 248 252 265 67 195
陆逊 7 53 4 0 76 75 74 92 68 2 86
张昭 6 49 3 0 196 195 210 185 144 65 190
张紘 4 52 3 0 277 278 263 31 5 275 43
鲁肃 6 61 4 0 154 153 146 180 136 92 186
虞翻 3 62 4 0 218 217 220 222 214 138 201
顾雍 6 47 2 0 14 13 16 26 135 261 140
诸葛谨 5 79 3 0 169 170 159 216 194 119 288
诸葛恪 1 52 3 0 66 65 68 248 8 210 50
陆凯 4 46 2 0 25 26 29 231 276 140 91
骆统 7 50 4 0 226 225 236 214 106 244 180
周鲂 3 54 3 0 85 86 81 74 164 97 68
周瑜 7 58 3 0 156 155 164 166 39 192 113
吕蒙 7 44 3 0 222 221 230 218 262 217 248
甘宁 5 54 3 0 56 55 60 23 235 273 202
太史慈 4 54 3 0 26 25 30 14 10 247 53
程普 3 47 2 0 276 275 284 285 25 298 74
黄盖 8 42 2 0 119 120 123 171 121 169 151
韩当 5 53 4 0 207 208 203 192 161 12 184
周泰 2 51 3 0 165 166 167 127 145 27 96
蒋钦 4 65 3 0 152 151 148 60 3 4 257
丁奉 1 41 3 0 47 48 51 191 153 100 5
徐盛 7 58 3 0 113 114 99 98 90 170 156
陈武 4 57 3 0 17 18 19 280 283 255 185
凌操 6 61 4 0 18 17 20 15 40 240 4
凌统 5 59 2 0 239 240 243 10 59 209 266
潘璋 3 59 2 0 45 46 55 9 185 110 262
朱然 3 58 4 0 262 261 272 250 222 139 45
孙桓 8 62 3 0 133 134 121 126 278 216 104
马忠 5 58 3 0 16 15 14 4 80 278 32
孙韶 6 50 3 0 78 77 54 124 295 24 175
朱桓 4 54 3 0 171 172 179 119 151 175 65
夏恂 3 40 4 0 100 99 96 94 292 47 238
周平 5 68 2 0 219 220 217 229 279 215 103
全琮 3 55 3 0 203 204 207 281 228 32 114
于诠 5 60 3 0 38 37 28 44 70 177 3
张角 1 52 3 0 50 49 36 116 77 122 66
何进 1 52 2 0 97 98 101 157 60 85 89
董卓 3 45 3 0 122 121 118 178 150 50 298
袁绍 1 60 4 0 123 124 119 172 184 246 292
吕布 7 49 4 0 180 179 172 154 124 220 226
袁术 5 62 4 0 120 119 124 114 34 212 69
刘表 5 52 4 0 236 235 226 164 108 145 267
刘璋 3 50 2 0 173 174 175 125 243 250 157
马腾 8 51 3 0 283 284 275 264 17 183 159
张鲁 4 58 4 0 232 231 234 69 229 51 181
韩遂 2 59 3 0 247 248 241 255 261 26 101
公孙瓒 5 53 3 0 229 230 221 219 232 31 145
韩馥 2 58 3 0 214 213 224 226 218 284 179
刘岱 2 47 3 0 46 45 42 86 249 231 243
王匡 5 55 4 0 170 169 178 138 30 113 193
张邈 6 59 3 0 174 173 176 183 86 185 79
孔伷 5 67 3 0 33 34 31 65 234 9 198
陶谦 5 47 3 0 125 126 141 173 293 48 116
鲍信 6 53 4 0 24 23 22 20 149 78 10
桥瑁 5 62 3 0 69 70 63 232 31 228 120
袁遗 5 53 3 0 223 224 225 209 167 134 71
孔融 2 61 3 0 179 180 171 182 42 101 214
张超 6 69 4 0 40 39 44 36 18 1 258
张杨 4 52 3 0 108 107 88 106 236 57 275
刘度 6 54 2 0 73 74 67 84 93 61 39
赵范 5 59 3 0 20 19 18 24 202 90 64
金旋 4 41 3 0 224 223 214 294 101 297 291
韩玄 4 57 3 0 185 186 181 196 45 174 17
张宝 4 50 4 0 107 108 87 72 96 10 160
张梁 6 58 4 0 132 131 136 54 95 270 44
程远志 4 51 3 0 160 159 150 140 178 167 107
邓茂 10 64 2 0 204 203 208 282 213 104 41
马元义 7 47 3 0 199 200 201 217 116 84 36
赵弘 4 68 3 0 257 258 265 70 147 230 152
韩忠 6 61 3 0 129 130 127 148 193 54 87
孙夏 4 58 2 0 181 182 185 273 221 88 232
管亥 2 45 3 0 268 267 266 292 105 135 297
何仪 6 58 2 0 30 29 26 260 170 186 155
刘辟 5 53 3 0 267 268 269 221 157 287 236
龚都 3 43 3 0 238 237 246 253 280 49 100
裴元绍 3 59 2 0 235 236 237 137 56 266 246
高升 6 61 3 0 4 3 291 16 240 152 18
张闿 7 73 3 0 269 270 267 265 288 82 117
韩暹 5 63 3 0 290 289 296 67 159 3 286
李乐 3 46 3 0 191 192 193 47 250 11 150
杨奉 3 54 3 0 114 113 116 120 23 8 203
董承 6 56 4 0 112 111 110 80 162 44 28
王子服 5 52 3 0 217 218 219 199 49 222 60
李儒 7 59 3 0 158 157 162 195 271 52 81
陈宫 4 68 4 0 230 229 222 220 241 257 271
田丰 6 43 4 0 94 93 84 100 11 127 57
沮授 1 57 3 0 293 294 287 295 125 23 281
审配 3 56 4 0 200 199 202 167 72 62 102
许攸 3 43 4 0 253 254 251 238 163 116 280
郭图 3 53 4 0 210 209 196 136 37 66 42
逢纪 6 60 2 0 115 116 117 145 81 221 259
辛评 3 46 3 0 298 297 3 13 99 276 122
荀谌 4 43 3 0 291 292 4 62 189 103 224
辛毗 3 51 3 0 134 133 144 184 89 223 48
陈登 3 63 4 0 201 202 199 193 182 142 218
蒯良 5 60 3 0 166 165 168 156 130 64 205
王累 5 70 3 0 288 287 294 279 269 111 169
韩胤 7 71 4 0 117 118 115 104 211 208 269
沮鹄 7 53 4 0 86 85 82 46 174 70 76
杨弘 5 52 4 0 252 251 254 242 248 58 124
阎象 4 59 4 0 296 295 290 64 270 237 274
蒯越 5 59 4 0 64 63 70 296 102 166 20
伍孚 4 59 4 0 274 273 270 8 246 72 296
李傕 3 61 3 0 138 137 140 170 198 218 228
郭汜 7 54 3 0 98 97 102 113 41 109 211
颜良 7 52 3 0 21 22 23 211 53 118 63
文丑 6 60 2 0 7 8 1 58 148 159 183
潘凤 4 53 3 0 72 71 80 107 200 274 27
俞涉 4 47 3 0 263 264 277 275 74 178 249
武安国 4 46 4 0 178 177 170 122 160 263 13
穆顺 3 48 3 0 11 12 5 258 94 191 161
华雄 7 56 2 0 209 210 213 223 44 239 176
牛辅 7 65 3 0 146 145 154 240 87 95 75
张济 7 55 3 0 176 175 174 144 260 202 209
樊稠 4 53 2 0 275 276 283 263 71 277 108
胡轸 6 59 3 0 79 80 71 83 28 225 174
胡车儿 8 58 3 0 272 271 262 3 143 234 270
李肃 5 63 4 0 286 285 282 284 208 75 290
高顺 4 53 2 0 27 28 37 39 127 165 72
张任 9 60 2 0 126 125 142 133 273 197 82
高览 8 60 3 0 265 266 257 269 242 259 67
曹性 8 59 3 0 216 215 228 169 287 133 234
闵纯 4 46 3 0 13 14 15 298 231 285 178
纪灵 7 52 3 0 70 69 64 257 38 86 59
马休 8 55 3 0 159 160 169 189 290 7 283
马铁 3 58 3 0 172 171 180 123 111 184 58
高览 6 60 4 0 260 259 250 30 176 264 92
袁谭 4 43 3 0 153 154 145 243 47 91 77
袁熙 5 60 4 0 80 79 72 112 16 34 142
袁尚 8 65 3 0 240 239 244 146 4 18 1
高干 6 50 3 0 182 181 186 179 201 22 206
麴义 5 69 3 0 208 207 204 198 286 117 189
吕翔 7 53 3 0 287 288 293 131 216 267 31
吕旷 3 58 3 0 58 57 62 7 294 252 172
韩猛 7 56 3 0 197 198 187 237 137 126 130
淳于琼 4 55 3 0 53 54 77 63 21 289 26
焦触 4 63 2 0 93 94 95 71 73 87 131
张南 8 69 4 0 194 193 192 52 169 55 220
马延 8 65 3 0 1 2 7 35 52 40 240
雷薄 5 64 3 0 29 30 25 28 9 143 215
张勋 7 54 3 0 211 212 205 21 117 188 98
陈纪 4 50 3 0 289 290 295 205 233 53 19
桥蕤 6 52 3 0 175 176 173 188 251 171 78
郝萌 3 61 3 0 228 227 216 190 203 69 138
侯成 4 55 3 0 51 52 47 2 22 232 284
宋宪 3 48 3 0 161 162 157 135 207 256 11
魏续 7 47 3 0 36 35 50 40 254 162 199
成廉 5 65 2 0 215 216 227 241 12 219 29
蔡瑁 3 52 3 0 42 41 46 297 179 60 210
张允 5 67 3 0 103 104 105 81 83 291 219
黄祖 6 48 3 0 190 189 184 228 258 198 196
苏飞 7 62 4 0 111 112 109 118 172 288 143
吕公 4 64 3 0 35 36 49 1 54 279 83
侯选 4 52 2 0 43 44 39 77 19 96 277
程银 4 60 2 0 61 62 57 206 109 73 54
李堪 6 58 3 0 155 156 163 147 264 28 30
张横 6 60 3 0 183 184 177 174 82 283 7
梁兴 5 53 3 0 139 140 137 110 62 262 177
成宜 5 49 2 0 8 7 10 274 66 114 136
马玩 6 57 3 0 168 167 166 202 225 241 279
杨秋 4 47 2 0 249 250 259 261 46 99 263
张让 7 63 3 0 143 144 149 75 272 29 111
赵忠 5 55 4 0 244 243 240 186 48 226 12
封谞 6 66 2 0 195 196 189 158 245 213 242
段珪 7 61 3 0 95 96 93 82 132 146 90
曹节 5 52 4 0 124 123 120 78 180 63 252
侯览 2 51 2 0 243 244 239 153 173 19 46
蹇硕 1 41 2 0 5 6 11 89 277 74 47
程旷 6 42 4 0 285 286 281 276 206 13 294
夏恽 7 57 4 0 192 191 194 207 6 156 34
郭胜 7 56 2 0 130 129 128 142 166 81 197
吕伯奢 4 63 3 0 83 84 75 79 103 15 35
普净 7 40 3 0 258 257 256 11 190 271 40
华佗 6 55 3 0 22 21 24 246 51 182 241
于吉 3 59 3 0 233 234 231 57 289 128 144
左慈 9 75 2 0 82 81 86 95 183 269 126
吉平 5 53 4 0 202 201 200 168 20 176 56
