荀彧 0 0 0 0 37 38
荀攸 0 0 0 0 41 42
贾诩 0 0 0 0 237 238
郭嘉 0 0 1 0 62 61
程昱 0 0 0 0 31 32
戏志才 0 0 0 0 273 274
刘晔 0 0 0 0 167 168
蒋济 0 0 0 0 213 214
陈群 0 0 1 0 282 281
华歆 0 0 0 0 297 298
钟繇 0 0 1 0 198 197
满宠 0 0 0 0 19 20
董昭 0 0 0 0 295 296
王朗 0 0 0 0 131 132
崔琰 0 0 1 0 148 147
毛玠 0 0 1 0 136 135
杜畿 0 0 0 0 87 88
田畴 0 0 1 0 34 33
王修 0 0 1 0 12 11
杨修 0 0 1 0 48 47
辛毗 0 0 0 0 137 138
杨阜 0 0 0 0 241 242
田豫 0 0 0 0 141 142
王粲 0 0 1 0 184 183
蒯越 0 0 1 0 280 279
张继 0 0 0 0 57 58
杜袭 0 0 1 0 10 9
枣祗任峻 0 0 0 0 101 102
陈矫 0 0 1 0 254 253
郗虑 0 0 0 0 3 4
桓玠 0 0 1 0 60 59
丁仪 0 0 0 0 205 206
丁廙 0 0 0 0 59 60
司马朗 0 0 1 0 292 291
韩暨 0 0 0 0 127 128
韦康 0 0 0 0 135 136
邴原 0 0 0 0 193 194
赵俨 0 0 1 0 246 245
娄圭 0 0 0 0 163 164
贾逵 0 0 1 0 52 51
陈琳 0 0 0 0 281 282
司马懿 0 0 0 0 109 110
张辽 0 0 1 0 118 117
徐晃 0 0 0 0 145 146
夏侯惇 0 0 0 0 89 90
夏侯渊 0 0 1 0 102 101
庞德 0 0 1 0 142 141
张郃 0 0 0 0 71 72
李典 0 0 0 0 91 92
乐进 0 0 0 0 55 56
典韦 0 0 0 0 23 24
曹洪 0 0 1 0 250 249
曹仁 0 0 1 0 188 187
曹彰 0 0 0 0 225 226
曹纯 0 0 0 0 49 50
于禁 0 0 1 0 270 269
许褚 0 0 1 0 110 109
吕虔 0 0 0 0 261 262
李通 0 0 0 0 189 190
文聘 0 0 1 0 206 205
臧霸 0 0 0 0 39 40
郭淮 0 0 1 0 256 255
钟会 0 0 1 0 68 67
邓艾 0 0 0 0 271 272
曹休 0 0 1 0 88 87
张燕 0 0 1 0 92 91
张绣 0 0 1 0 150 149
朱灵 0 0 1 0 28 27
路昭 0 0 0 0 177 178
史涣 0 0 1 0 144 143
韩浩 0 0 1 0 294 293
王凌 0 0 1 0 106 105
孙礼 0 0 1 0 32 31
秦朗 0 0 0 0 187 188
郑文 0 0 0 0 245 246
夏侯尚 0 0 1 0 6 5
毌丘俭 0 0 0 0 99 100
诸葛诞 0 0 0 0 231 232
孙乾 0 0 0 0 75 76
简雍 0 0 0 0 259 260
糜竺 0 0 0 0 255 256
糜芳 0 0 1 0 264 263
庞统 0 0 0 0 221 222
法正 0 0 1 0 128 127
许靖 0 0 0 0 151 152
马良 0 0 0 0 77 78
徐庶 0 0 1 0 248 247
陈震 0 0 0 0 147 148
杨仪 0 0 0 0 279 280
费祎 0 0 1 0 220 219
蒋琬 0 0 1 0 266 265
孟优 0 0 1 0 140 139
黄皓 0 0 0 0 227 228
诸葛亮 0 0 0 0 149 150
关羽 0 0 1 0 284 283
张飞 0 0 0 0 105 106
马超 0 0 1 0 116 115
黄忠 0 0 1 0 54 53
赵云 0 0 1 0 90 89
魏延 0 0 1 0 278 277
关平 0 0 0 0 63 64
周仓 0 0 1 0 212 211
关兴 0 0 1 0 186 185
张苞 0 0 0 0 9 10
陈到 0 0 1 0 234 233
李严 0 0 0 0 15 16
姜维 0 0 0 0 157 158
廖化 0 0 1 0 84 83
马谡 0 0 1 0 74 73
马岱 0 0 0 0 65 66
陈式 0 0 1 0 44 43
雷铜 0 0 1 0 96 95
吴兰 0 0 0 0 67 68
王平 0 0 1 0 162 161
任夔 0 0 1 0 2 1
张翼 0 0 1 0 104 103
马忠 0 0 0 0 81 82
张南 0 0 0 0 121 122
冯习 0 0 0 0 251 252
傅佥 0 0 1 0 164 163
关索 0 0 1 0 242 241
陆逊 0 0 1 0 76 75
张昭 0 0 1 0 196 195
张紘 0 0 0 0 277 278
鲁肃 0 0 1 0 154 153
虞翻 0 0 1 0 218 217
顾雍 0 0 1 0 14 13
诸葛谨 0 0 0 0 169 170
诸葛恪 0 0 1 0 66 65
陆凯 0 0 0 0 25 26
骆统 0 0 1 0 226 225
周鲂 0 0 0 0 85 86
周瑜 0 0 1 0 156 155
吕蒙 0 0 1 0 222 221
甘宁 0 0 1 0 56 55
太史慈 0 0 1 0 26 25
程普 0 0 1 0 276 275
黄盖 0 0 0 0 119 120
韩当 0 0 0 0 207 208
周泰 0 0 0 0 165 166
蒋钦 0 0 1 0 152 151
丁奉 0 0 0 0 47 48
徐盛 0 0 0 0 113 114
陈武 0 0 0 0 17 18
凌操 0 0 1 0 18 17
凌统 0 0 0 0 239 240
潘璋 0 0 0 0 45 46
朱然 0 0 1 0 262 261
孙桓 0 0 0 0 133 134
马忠 0 0 1 0 16 15
孙韶 0 0 1 0 78 77
朱桓 0 0 0 0 171 172
夏恂 0 0 1 0 100 99
周平 0 0 0 0 219 220
全琮 0 0 0 0 203 204
于诠 0 0 1 0 38 37
张角 0 0 1 0 50 49
何进 0 0 0 0 97 98
董卓 0 0 1 0 122 121
袁绍 0 0 0 0 123 124
吕布 0 0 1 0 180 179
袁术 0 0 1 0 120 119
刘表 0 0 1 0 236 235
刘璋 0 0 0 0 173 174
马腾 0 0 0 0 283 284
张鲁 0 0 1 0 232 231
韩遂 0 0 0 0 247 248
公孙瓒 0 0 0 0 229 230
韩馥 0 0 1 0 214 213
刘岱 0 0 1 0 46 45
王匡 0 0 1 0 170 169
张邈 0 0 1 0 174 173
孔伷 0 0 0 0 33 34
陶谦 0 0 0 0 125 126
鲍信 0 0 1 0 24 23
桥瑁 0 0 0 0 69 70
袁遗 0 0 0 0 223 224
孔融 0 0 0 0 179 180
张超 0 0 1 0 40 39
张杨 0 0 1 0 108 107
刘度 0 0 0 0 73 74
赵范 0 0 1 0 20 19
金旋 0 0 1 0 224 223
韩玄 0 0 0 0 185 186
张宝 0 0 0 0 107 108
张梁 0 0 1 0 132 131
程远志 0 0 1 0 160 159
邓茂 0 0 1 0 204 203
马元义 0 0 0 0 199 200
赵弘 0 0 0 0 257 258
韩忠 0 0 0 0 129 130
孙夏 0 0 0 0 181 182
管亥 0 0 1 0 268 267
何仪 0 0 1 0 30 29
刘辟 0 0 0 0 267 268
龚都 0 0 1 0 238 237
裴元绍 0 0 0 0 235 236
高升 0 0 1 0 4 3
张闿 0 0 0 0 269 270
韩暹 0 0 1 0 290 289
李乐 0 0 0 0 191 192
杨奉 0 0 1 0 114 113
董承 0 0 1 0 112 111
王子服 0 0 0 0 217 218
李儒 0 0 1 0 158 157
陈宫 0 0 1 0 230 229
田丰 0 0 1 0 94 93
沮授 0 0 0 0 293 294
审配 0 0 1 0 200 199
许攸 0 0 0 0 253 254
郭图 0 0 1 0 210 209
逢纪 0 0 0 0 115 116
辛评 0 0 1 0 298 297
荀谌 0 0 0 0 291 292
辛毗 0 0 1 0 134 133
陈登 0 0 0 0 201 202
蒯良 0 0 1 0 166 165
王累 0 0 1 0 288 287
韩胤 0 0 0 0 117 118
沮鹄 0 0 1 0 86 85
杨弘 0 0 1 0 252 251
阎象 0 0 1 0 296 295
蒯越 0 0 1 0 64 63
伍孚 0 0 1 0 274 273
李傕 0 0 1 0 138 137
郭汜 0 0 1 0 98 97
颜良 0 0 0 0 21 22
文丑 0 0 0 0 7 8
潘凤 0 0 1 0 72 71
俞涉 0 0 0 0 263 264
武安国 0 0 1 0 178 177
穆顺 0 0 0 0 11 12
华雄 0 0 0 0 209 210
牛辅 0 0 1 0 146 145
张济 0 0 1 0 176 175
樊稠 0 0 0 0 275 276
胡轸 0 0 0 0 79 80
胡车儿 0 0 1 0 272 271
李肃 0 0 1 0 286 285
高顺 0 0 0 0 27 28
张任 0 0 1 0 126 125
高览 0 0 0 0 265 266
曹性 0 0 1 0 216 215
闵纯 0 0 0 0 13 14
纪灵 0 0 1 0 70 69
马休 0 0 0 0 159 160
马铁 0 0 1 0 172 171
高览 0 0 1 0 260 259
袁谭 0 0 0 0 153 154
袁熙 0 0 1 0 80 79
袁尚 0 0 1 0 240 239
高干 0 0 1 0 182 181
麴义 0 0 1 0 208 207
吕翔 0 0 0 0 287 288
吕旷 0 0 1 0 58 57
韩猛 0 0 0 0 197 198
淳于琼 0 0 0 0 53 54
焦触 0 0 0 0 93 94
张南 0 0 1 0 194 193
马延 0 0 0 0 1 2
雷薄 0 0 0 0 29 30
张勋 0 0 0 0 211 212
陈纪 0 0 0 0 289 290
桥蕤 0 0 0 0 175 176
郝萌 0 0 1 0 228 227
侯成 0 0 0 0 51 52
宋宪 0 0 0 0 161 162
魏续 0 0 1 0 36 35
成廉 0 0 0 0 215 216
蔡瑁 0 0 1 0 42 41
张允 0 0 0 0 103 104
黄祖 0 0 1 0 190 189
苏飞 0 0 0 0 111 112
吕公 0 0 0 0 35 36
侯选 0 0 0 0 43 44
程银 0 0 0 0 61 62
李堪 0 0 0 0 155 156
张横 0 0 0 0 183 184
梁兴 0 0 0 0 139 140
成宜 0 0 1 0 8 7
马玩 0 0 1 0 168 167
杨秋 0 0 0 0 249 250
张让 0 0 0 0 143 144
赵忠 0 0 1 0 244 243
封谞 0 0 0 0 195 196
段珪 0 0 0 0 95 96
曹节 0 0 1 0 124 123
侯览 0 0 0 0 243 244
蹇硕 0 0 0 0 5 6
程旷 0 0 0 0 285 286
夏恽 0 0 1 0 192 191
郭胜 0 0 1 0 130 129
吕伯奢 0 0 0 0 83 84
普净 0 0 1 0 258 257
华佗 0 0 1 0 22 21
于吉 0 0 0 0 233 234
左慈 0 0 1 0 82 81
吉平 0 0 1 0 202 201
