1 67 283 1 
2 272 41 1 
3 204 269 1 
4 126 52 1 
5 192 260 3 
6 82 119 2 
7 265 109 1 
8 216 213 3 
9 132 234 3 
10 34 21 3 
11 22 137 3 
12 175 194 2 
13 104 242 3 
14 282 1 3 
15 245 95 3 
16 159 98 1 
17 148 151 3 
18 248 87 2 
19 61 130 2 
20 63 28 3 
21 170 168 3 
22 266 128 3 
23 261 222 2 
24 57 270 2 
25 240 264 2 
26 81 4 1 
27 273 111 2 
28 75 59 3 
29 16 176 2 
30 287 220 3 
31 186 31 1 
32 80 14 1 
33 10 149 3 
34 258 226 1 
35 229 190 2 
36 76 199 2 
37 60 116 1 
38 42 94 2 
39 153 37 3 
40 169 55 3 
41 146 197 2 
42 225 90 1 
43 92 30 3 
44 154 133 3 
45 112 143 3 
46 188 86 3 
47 156 211 1 
48 158 7 1 
49 40 209 3 
50 18 44 1 
51 255 155 2 
52 232 241 3 
53 206 3 1 
54 139 70 2 
55 69 180 2 
56 189 20 1 
57 296 131 3 
58 275 252 2 
59 207 163 1 
60 136 181 3 
61 227 249 3 
62 294 13 2 
63 289 172 3 
64 290 25 2 
65 113 9 2 
66 152 239 1 
67 278 271 2 
68 215 115 3 
69 73 262 3 
70 174 64 2 
71 205 2 3 
72 12 88 3 
73 51 56 1 
74 166 26 2 
75 185 36 3 
76 145 71 3 
77 140 91 3 
78 62 237 1 
79 274 17 1 
80 236 110 3 
81 285 43 2 
82 105 263 1 
83 250 85 2 
84 141 253 2 
85 46 224 1 
86 297 117 1 
87 208 33 2 
88 118 79 2 
89 230 198 2 
90 24 29 1 
91 171 120 2 
92 32 257 2 
93 129 106 2 
94 286 219 3 
95 103 162 2 
96 202 164 3 
97 53 99 2 
98 193 108 1 
99 182 15 1 
100 223 254 1 
101 35 138 2 
102 247 246 3 
103 107 8 2 
104 96 251 2 
105 114 27 1 
106 196 102 2 
107 48 11 3 
108 167 293 2 
109 276 49 2 
110 183 195 3 
111 259 38 1 
112 93 147 1 
113 187 84 3 
114 279 267 2 
115 39 6 2 
116 83 217 3 
117 291 23 3 
118 65 277 1 
119 231 127 1 
120 150 78 2 
121 177 200 3 
122 144 191 2 
123 157 77 1 
124 122 100 2 
125 292 288 1 
126 221 142 1 
127 244 233 2 
128 235 54 2 
129 125 228 2 
130 124 121 2 
131 68 19 1 
132 201 72 3 
133 184 178 3 
134 160 256 1 
135 295 298 1 
136 203 238 3 
137 50 161 3 
138 47 89 1 
139 58 284 1 
140 45 135 1 
141 212 173 3 
142 218 74 2 
143 214 243 3 
144 179 280 3 
145 268 165 1 
146 123 134 3 
147 66 101 2 
148 5 210 2 
149 97 281 1 
