1 104 204 3 
2 245 41 3 
3 82 269 1 
4 194 55 2 
5 133 216 2 
6 234 272 2 
7 126 197 1 
8 180 220 3 
9 40 1 3 
10 240 18 1 
11 52 158 2 
12 95 146 2 
13 195 213 3 
14 259 265 3 
15 67 242 1 
16 132 270 3 
17 7 159 3 
18 282 148 1 
19 156 192 2 
20 130 81 2 
21 183 283 3 
22 70 86 2 
23 98 109 2 
24 188 211 2 
25 206 151 3 
26 169 119 3 
27 208 117 3 
28 288 111 3 
29 33 9 3 
30 29 143 3 
31 286 75 3 
32 225 79 2 
33 260 264 2 
34 34 80 1 
35 92 154 2 
36 30 186 2 
37 20 90 3 
38 168 241 2 
39 28 155 2 
40 44 112 2 
41 113 170 1 
42 278 16 1 
43 267 287 3 
44 76 2 1 
45 176 202 1 
46 226 244 1 
47 22 182 2 
48 229 31 3 
49 209 239 1 
50 162 36 3 
51 56 273 3 
52 59 71 1 
53 24 78 2 
54 118 21 3 
55 124 63 3 
56 248 137 1 
57 84 199 3 
58 222 217 1 
59 149 294 2 
60 190 198 2 
61 258 271 1 
62 219 215 2 
63 152 4 3 
64 54 129 3 
65 279 35 1 
66 3 290 2 
67 166 64 2 
68 93 87 3 
69 174 185 1 
70 115 221 1 
71 237 296 1 
72 38 177 2 
73 193 6 2 
74 88 181 1 
75 207 12 2 
76 17 255 3 
77 61 73 3 
78 196 65 1 
79 39 121 1 
80 236 145 2 
81 107 10 3 
82 108 57 3 
83 171 175 3 
84 261 14 3 
85 99 249 1 
86 94 127 1 
87 140 25 1 
88 285 13 1 
89 227 105 2 
90 291 103 3 
91 189 147 1 
92 230 257 2 
93 120 212 1 
94 15 83 2 
95 106 205 3 
96 142 201 1 
97 131 187 2 
98 228 69 3 
99 172 184 3 
100 235 266 3 
101 51 232 2 
102 274 72 2 
103 128 233 1 
104 139 262 1 
105 42 60 3 
106 62 200 1 
107 32 203 1 
108 58 252 3 
109 68 163 3 
110 164 254 1 
111 8 114 1 
112 134 223 3 
113 289 53 2 
114 275 277 2 
115 48 125 3 
116 136 157 1 
117 160 167 2 
118 178 263 2 
119 77 295 2 
120 91 153 2 
121 116 253 1 
122 37 280 1 
123 49 238 1 
124 138 218 2 
125 45 110 2 
126 102 144 2 
127 284 214 1 
128 26 247 1 
129 43 96 1 
130 243 19 3 
131 165 27 3 
132 256 161 2 
133 173 250 2 
134 11 191 2 
135 46 231 3 
136 251 141 2 
137 276 298 2 
138 135 268 1 
139 224 297 1 
140 101 179 2 
141 246 123 1 
142 23 293 1 
143 85 97 1 
144 66 210 3 
145 50 122 3 
146 150 89 1 
147 74 5 1 
148 100 47 1 
149 292 281 2 
