荀彧 7 105 4 0 37 38 27 19 210 280 227 208 288
荀攸 13 174 4 0 41 42 9 90 98 245 204 194 126
贾诩 7 138 4 0 237 238 235 197 65 296 88 275 110
郭嘉 7 125 4 0 62 61 58 291 139 200 137 8 107
程昱 9 141 3 0 31 32 33 277 69 229 287 206 137
戏志才 10 150 4 0 273 274 279 181 126 56 278 98 159
刘晔 5 112 4 0 167 168 165 200 223 160 127 150 276
蒋济 11 163 5 0 213 214 209 225 204 195 55 75 52
陈群 10 154 4 0 282 281 286 204 255 148 245 283 260
华歆 6 98 4 0 297 298 2 42 212 224 268 101 29
钟繇 8 157 4 0 198 197 188 208 138 190 33 152 61
满宠 4 131 3 0 19 20 17 37 43 243 289 141 179
董昭 5 119 4 0 295 296 289 293 78 77 231 161 46
王朗 7 145 3 0 131 132 135 287 92 187 93 24 166
崔琰 9 146 3 0 148 147 152 129 7 282 255 287 209
毛玠 9 124 4 0 136 135 132 210 154 157 8 60 14
杜畿 10 153 3 0 87 88 107 59 146 93 129 115 192
田畴 9 152 4 0 34 33 32 12 120 80 192 158 30
王修 7 138 5 0 12 11 6 34 215 207 244 170 26
杨修 7 118 4 0 48 47 52 32 244 125 134 127 249
辛毗 9 141 4 0 137 138 139 235 197 248 62 70 31
杨阜 6 145 4 0 241 242 247 215 230 168 22 56 39
田豫 6 121 4 0 141 142 125 149 227 251 256 19 178
王粲 5 126 4 0 184 183 190 134 123 172 207 42 291
蒯越 3 113 4 0 280 279 292 17 238 37 253 191 89
张继 10 111 5 0 57 58 61 233 284 108 94 222 226
杜袭 9 139 5 0 10 9 8 239 26 107 24 76 170
枣祗任峻 4 91 3 0 101 102 97 49 224 179 247 297 292
陈矫 6 141 3 0 254 253 252 278 36 164 23 144 53
郗虑 9 145 4 0 3 4 298 272 152 290 38 118 80
桓玠 7 131 4 0 60 59 56 152 97 42 217 136 140
丁仪 7 149 4 0 205 206 211 289 142 106 166 80 69
丁廙 10 149 4 0 59 60 65 87 239 71 70 109 98
司马朗 4 74 4 0 292 291 280 268 100 281 123 214 101
韩暨 5 123 3 0 127 128 129 165 27 94 167 48 293
韦康 4 125 4 0 135 136 131 161 14 268 261 250 203
邴原 7 138 5 0 193 194 191 201 129 6 170 138 163
赵俨 7 128 3 0 246 245 238 22 274 123 235 114 42
娄圭 7 138 4 0 163 164 155 151 253 68 2 51 193
贾逵 11 165 4 0 52 51 48 194 1 158 9 55 213
陈琳 1 126 4 0 281 282 285 203 256 292 293 47 5
司马懿 10 156 4 0 109 110 111 99 61 98 188 59 132
张辽 7 156 4 0 118 117 122 111 128 21 6 3 215
徐晃 6 138 4 0 145 146 153 115 165 236 229 223 17
夏侯惇 3 104 5 0 89 90 91 5 134 150 97 268 280
夏侯渊 5 132 4 0 102 101 98 162 64 144 200 236 125
庞德 5 156 4 0 142 141 126 130 205 201 80 35 147
张郃 8 133 4 0 71 72 79 93 275 59 223 207 88
李典 6 122 4 0 91 92 89 128 84 153 25 261 78
乐进 9 170 4 0 55 56 45 234 75 194 213 52 264
典韦 6 134 4 0 23 24 21 56 114 293 254 179 182
曹洪 6 117 4 0 250 249 260 262 191 173 251 135 157
曹仁 8 151 5 0 188 187 198 175 140 211 109 278 16
曹彰 8 167 4 0 225 226 223 213 168 79 264 9 40
曹纯 5 103 4 0 49 50 35 101 217 238 105 257 100
于禁 10 159 4 0 270 269 274 266 296 132 272 156 240
许褚 7 138 3 0 110 109 112 139 177 45 212 171 237
吕虔 8 119 4 0 261 262 271 249 247 14 135 91 43
李通 7 152 5 0 189 190 195 159 291 147 208 154 79
文聘 9 139 4 0 206 205 212 61 285 151 182 31 76
臧霸 6 145 4 0 39 40 43 27 156 121 73 162 241
郭淮 6 121 3 0 256 255 258 227 281 161 141 173 25
钟会 4 134 4 0 68 67 66 212 76 163 85 203 144
邓艾 6 168 3 0 271 272 261 259 158 258 230 106 152
曹休 8 134 4 0 88 87 108 96 259 181 237 175 71
张燕 8 159 4 0 92 91 90 76 131 154 260 290 113
张绣 7 115 4 0 150 149 160 105 122 89 191 167 94
朱灵 8 141 3 0 28 27 38 29 79 155 112 168 73
路昭 5 133 5 0 177 178 183 121 110 38 139 85 217
史涣 4 134 4 0 144 143 134 176 196 102 233 254 68
韩浩 8 118 4 0 294 293 288 224 58 149 285 169 105
王凌 6 155 4 0 106 105 104 108 226 205 147 271 257
孙礼 5 150 4 0 32 31 34 48 63 203 16 166 244
秦朗 6 147 4 0 187 188 197 251 266 131 15 38 2
郑文 8 161 4 0 245 246 255 6 195 41 282 260 33
夏侯尚 6 142 3 0 6 5 12 245 192 193 118 15 84
毌丘俭 7 134 3 0 99 100 113 109 298 249 149 27 236
诸葛诞 7 109 4 0 231 232 233 25 13 46 295 153 224
孙乾 9 164 4 0 75 76 83 143 55 286 146 213 265
简雍 6 158 4 0 259 260 249 271 88 265 115 61 219
糜竺 8 141 5 0 255 256 245 247 282 17 148 232 56
糜芳 9 167 4 0 264 263 278 283 155 260 225 183 55
庞统 6 149 5 0 221 222 229 267 181 115 121 155 129
法正 8 133 4 0 128 127 130 91 118 233 162 185 164
许靖 10 136 3 0 151 152 147 163 171 206 119 220 248
马良 5 111 3 0 77 78 53 43 50 295 153 276 238
徐庶 10 131 4 0 248 247 242 66 252 137 222 36 151
陈震 5 156 4 0 147 148 151 155 257 189 106 58 142
杨仪 7 143 4 0 279 280 273 288 219 35 168 20 180
费祎 10 140 4 0 220 219 218 230 186 180 194 151 21
蒋琬 8 137 5 0 266 265 268 270 187 235 239 84 296
孟优 7 130 4 0 140 139 138 160 188 25 14 107 60
黄皓 7 118 5 0 227 228 215 256 141 105 37 94 263
诸葛亮 8 136 4 0 149 150 143 141 24 294 99 63 190
关羽 4 143 3 0 284 283 276 286 57 214 51 17 247
张飞 8 110 5 0 105 106 103 150 268 227 49 285 294
马超 9 118 4 0 116 115 114 50 199 253 125 196 117
黄忠 5 143 4 0 54 53 78 132 35 129 61 274 228
赵云 9 162 3 0 90 89 92 41 113 20 95 265 234
魏延 8 150 4 0 278 277 264 254 133 16 273 188 211
关平 10 130 4 0 63 64 69 53 32 124 21 149 175
周仓 3 140 4 0 212 211 206 68 297 120 110 235 58
关兴 9 155 5 0 186 185 182 244 220 30 154 215 4
张苞 8 164 4 0 9 10 41 45 29 33 52 225 133
陈到 9 162 4 0 234 233 232 55 33 272 216 4 90
李严 6 139 4 0 15 16 13 18 2 83 187 6 185
姜维 6 118 4 0 157 158 161 97 267 136 173 251 250
廖化 6 142 4 0 84 83 94 73 91 199 164 266 6
马谡 4 123 3 0 74 73 76 85 263 5 276 178 11
马岱 7 135 4 0 65 66 59 33 237 196 171 124 275
陈式 8 153 4 0 44 43 40 38 209 112 132 129 115
雷铜 6 133 4 0 96 95 100 88 107 43 165 72 223
吴兰 12 160 3 0 67 68 73 290 104 242 265 240 204
王平 8 138 4 0 162 161 158 102 112 36 128 39 168
任夔 6 145 4 0 2 1 297 51 15 76 163 296 187
张翼 10 176 4 0 104 103 106 117 67 204 133 126 269
马忠 9 161 4 0 81 82 85 103 115 130 158 111 154
张南 6 144 4 0 121 122 133 177 119 39 221 233 181
冯习 4 127 4 0 251 252 253 187 175 141 250 157 173
傅佥 8 133 4 0 164 163 156 236 85 254 84 182 128
关索 10 171 4 0 242 241 248 252 265 67 195 117 1
陆逊 9 137 5 0 76 75 74 92 68 2 86 10 206
张昭 7 124 4 0 196 195 210 185 144 65 190 116 27
张紘 6 131 3 0 277 278 263 31 5 275 43 160 13
鲁肃 9 157 4 0 154 153 146 180 136 92 186 189 81
虞翻 3 137 5 0 218 217 220 222 214 138 201 228 210
顾雍 9 131 4 0 14 13 16 26 135 261 140 199 136
诸葛谨 7 193 4 0 169 170 159 216 194 119 288 294 195
诸葛恪 3 114 4 0 66 65 68 248 8 210 50 46 268
陆凯 6 120 4 0 25 26 29 231 276 140 91 11 256
骆统 10 127 4 0 226 225 236 214 106 244 180 119 57
周鲂 7 126 4 0 85 86 81 74 164 97 68 177 172
周瑜 8 155 5 0 156 155 164 166 39 192 113 270 112
吕蒙 8 124 4 0 222 221 230 218 262 217 248 57 36
甘宁 8 142 4 0 56 55 60 23 235 273 202 241 255
太史慈 7 139 5 0 26 25 30 14 10 247 53 202 12
程普 5 112 4 0 276 275 284 285 25 298 74 77 167
黄盖 10 123 3 0 119 120 123 171 121 169 151 226 146
韩当 8 131 4 0 207 208 203 192 161 12 184 71 252
周泰 4 119 3 0 165 166 167 127 145 27 96 97 47
蒋钦 6 166 4 0 152 151 148 60 3 4 257 198 271
丁奉 4 100 4 0 47 48 51 191 153 100 5 281 165
徐盛 8 159 5 0 113 114 99 98 90 170 156 95 92
陈武 6 136 4 0 17 18 19 280 283 255 185 284 145
凌操 7 156 5 0 18 17 20 15 40 240 4 79 230
凌统 7 161 3 0 239 240 243 10 59 209 266 286 103
潘璋 4 140 4 0 45 46 55 9 185 110 262 247 108
朱然 7 147 5 0 262 261 272 250 222 139 45 244 35
孙桓 8 166 4 0 133 134 121 126 278 216 104 1 9
马忠 8 152 4 0 16 15 14 4 80 278 32 7 188
孙韶 6 126 3 0 78 77 54 124 295 24 175 43 91
朱桓 5 149 5 0 171 172 179 119 151 175 65 110 83
夏恂 5 101 4 0 100 99 96 94 292 47 238 123 49
周平 6 162 3 0 219 220 217 229 279 215 103 33 259
全琮 4 127 3 0 203 204 207 281 228 32 114 68 135
于诠 6 148 4 0 38 37 28 44 70 177 3 187 232
张角 3 123 4 0 50 49 36 116 77 122 66 5 214
何进 2 124 4 0 97 98 101 157 60 85 89 165 123
董卓 7 106 5 0 122 121 118 178 150 50 298 253 153
袁绍 2 135 5 0 123 124 119 172 184 246 292 100 97
吕布 7 142 4 0 180 179 172 154 124 220 226 229 279
袁术 8 143 5 0 120 119 124 114 34 212 69 112 155
刘表 7 131 4 0 236 235 226 164 108 145 267 102 99
刘璋 4 128 3 0 173 174 175 125 243 250 157 256 251
马腾 12 140 4 0 283 284 275 264 17 183 159 282 82
张鲁 6 147 4 0 232 231 234 69 229 51 181 255 38
韩遂 4 142 4 0 247 248 241 255 261 26 101 45 284
公孙瓒 9 136 4 0 229 230 221 219 232 31 145 180 139
韩馥 3 135 4 0 214 213 224 226 218 284 179 292 50
刘岱 5 118 4 0 46 45 42 86 249 231 243 66 295
王匡 9 140 4 0 170 169 178 138 30 113 193 12 10
张邈 8 149 4 0 174 173 176 183 86 185 79 132 130
孔伷 8 164 4 0 33 34 31 65 234 9 198 219 245
陶谦 5 130 4 0 125 126 141 173 293 48 116 263 102
鲍信 7 148 4 0 24 23 22 20 149 78 10 131 64
桥瑁 7 151 4 0 69 70 63 232 31 228 120 83 205
袁遗 6 134 3 0 223 224 225 209 167 134 71 145 96
孔融 4 128 4 0 179 180 171 182 42 101 214 23 19
张超 8 166 4 0 40 39 44 36 18 1 258 288 225
张杨 4 141 4 0 108 107 88 106 236 57 275 53 45
刘度 8 140 4 0 73 74 67 84 93 61 39 21 28
赵范 9 142 4 0 20 19 18 24 202 90 64 279 22
金旋 7 105 5 0 224 223 214 294 101 297 291 238 231
韩玄 6 138 4 0 185 186 181 196 45 174 17 128 15
张宝 7 126 4 0 107 108 87 72 96 10 160 140 62
张梁 10 154 4 0 132 131 136 54 95 270 44 174 109
程远志 4 133 5 0 160 159 150 140 178 167 107 277 72
邓茂 12 177 3 0 204 203 208 282 213 104 41 82 67
马元义 9 128 3 0 199 200 201 217 116 84 36 14 258
赵弘 6 154 5 0 257 258 265 70 147 230 152 49 106
韩忠 6 150 4 0 129 130 127 148 193 54 87 44 221
孙夏 6 145 3 0 181 182 185 273 221 88 232 93 121
管亥 3 116 4 0 268 267 266 292 105 135 297 89 66
何仪 9 154 3 0 30 29 26 260 170 186 155 176 34
刘辟 7 136 4 0 267 268 269 221 157 287 236 139 51
龚都 5 109 4 0 238 237 246 253 280 49 100 224 77
裴元绍 5 143 4 0 235 236 237 137 56 266 246 212 274
高升 9 156 4 0 4 3 291 16 240 152 18 234 186
张闿 10 180 4 0 269 270 267 265 288 82 117 258 104
韩暹 6 168 5 0 290 289 296 67 159 3 286 92 208
李乐 5 116 5 0 191 192 193 47 250 11 150 280 161
杨奉 5 135 5 0 114 113 116 120 23 8 203 246 124
董承 8 155 4 0 112 111 110 80 162 44 28 120 156
王子服 5 134 4 0 217 218 219 199 49 222 60 172 177
李儒 7 154 4 0 158 157 162 195 271 52 81 34 286
陈宫 7 157 4 0 230 229 222 220 241 257 271 29 18
田丰 7 114 4 0 94 93 84 100 11 127 57 227 150
沮授 5 123 4 0 293 294 287 295 125 23 281 134 127
审配 5 129 4 0 200 199 202 167 72 62 102 210 8
许攸 5 113 4 0 253 254 251 238 163 116 280 122 243
郭图 3 136 5 0 210 209 196 136 37 66 42 200 218
逢纪 8 155 3 0 115 116 117 145 81 221 259 87 44
辛评 3 123 4 0 298 297 3 13 99 276 122 243 134
荀谌 5 125 4 0 291 292 4 62 189 103 224 249 184
辛毗 3 118 4 0 134 133 144 184 89 223 48 293 298
陈登 5 140 5 0 201 202 199 193 182 142 218 64 138
蒯良 7 143 4 0 166 165 168 156 130 64 205 32 131
王累 6 175 4 0 288 287 294 279 269 111 169 40 37
韩胤 8 175 5 0 117 118 115 104 211 208 269 242 116
沮鹄 8 151 4 0 86 85 82 46 174 70 76 159 7
杨弘 8 130 5 0 252 251 254 242 248 58 124 190 207
阎象 8 138 4 0 296 295 290 64 270 237 274 2 266
蒯越 7 148 5 0 64 63 70 296 102 166 20 201 24
伍孚 5 145 4 0 274 273 270 8 246 72 296 54 235
李傕 5 141 4 0 138 137 140 170 198 218 228 193 201
郭汜 10 152 3 0 98 97 102 113 41 109 211 273 59
颜良 10 144 4 0 21 22 23 211 53 118 63 73 220
文丑 8 151 4 0 7 8 1 58 148 159 183 16 86
潘凤 4 133 4 0 72 71 80 107 200 274 27 96 160
俞涉 7 121 4 0 263 264 277 275 74 178 249 125 227
武安国 6 120 4 0 178 177 170 122 160 263 13 74 141
穆顺 4 120 3 0 11 12 5 258 94 191 161 25 74
华雄 9 146 4 0 209 210 213 223 44 239 176 22 148
牛辅 9 173 4 0 146 145 154 240 87 95 75 143 119
张济 9 154 4 0 176 175 174 144 260 202 209 30 287
樊稠 7 136 4 0 275 276 283 263 71 277 108 237 65
胡轸 7 153 4 0 79 80 71 83 28 225 174 18 189
胡车儿 11 157 5 0 272 271 262 3 143 234 270 216 111
李肃 7 154 5 0 286 285 282 284 208 75 290 239 158
高顺 7 124 3 0 27 28 37 39 127 165 72 99 196
张任 12 165 4 0 126 125 142 133 273 197 82 104 41
高览 9 163 5 0 265 266 257 269 242 259 67 90 75
曹性 11 155 4 0 216 215 228 169 287 133 234 272 194
闵纯 6 126 4 0 13 14 15 298 231 285 178 289 277
纪灵 7 141 4 0 70 69 64 257 38 86 59 137 202
马休 10 147 5 0 159 160 169 189 290 7 283 86 273
马铁 7 127 4 0 172 171 180 123 111 184 58 217 85
高览 10 154 4 0 260 259 250 30 176 264 92 245 282
袁谭 7 112 4 0 153 154 145 243 47 91 77 231 122
袁熙 9 144 4 0 80 79 72 112 16 34 142 205 3
袁尚 10 164 4 0 240 239 244 146 4 18 1 67 270
高干 6 136 4 0 182 181 186 179 201 22 206 164 23
麴义 6 171 4 0 208 207 204 198 286 117 189 37 290
吕翔 9 147 4 0 287 288 293 131 216 267 31 148 176
吕旷 3 150 4 0 58 57 62 7 294 252 172 147 212
韩猛 10 157 4 0 197 198 187 237 137 126 130 192 95
淳于琼 6 140 4 0 53 54 77 63 21 289 26 108 254
焦触 4 162 3 0 93 94 95 71 73 87 131 181 233
张南 10 183 4 0 194 193 192 52 169 55 220 41 216
马延 10 166 4 0 1 2 7 35 52 40 240 133 242
雷薄 5 156 5 0 29 30 25 28 9 143 215 230 297
张勋 8 150 4 0 211 212 205 21 117 188 98 130 278
陈纪 8 117 5 0 289 290 295 205 233 53 19 13 285
桥蕤 10 130 4 0 175 176 173 188 251 171 78 88 63
郝萌 5 142 4 0 228 227 216 190 203 69 138 218 54
侯成 7 137 4 0 51 52 47 2 22 232 284 163 267
宋宪 5 118 4 0 161 162 157 135 207 256 11 295 191
魏续 8 128 3 0 36 35 50 40 254 162 199 248 222
成廉 7 156 4 0 215 216 227 241 12 219 29 186 118
蔡瑁 7 127 4 0 42 41 46 297 179 60 210 184 246
张允 7 159 4 0 103 104 105 81 83 291 219 195 239
黄祖 8 134 4 0 190 189 184 228 258 198 196 252 149
苏飞 11 157 4 0 111 112 109 118 172 288 143 81 272
吕公 7 146 5 0 35 36 49 1 54 279 83 142 262
侯选 8 121 3 0 43 44 39 77 19 96 277 78 261
程银 8 157 3 0 61 62 57 206 109 73 54 259 198
李堪 8 149 4 0 155 156 163 147 264 28 30 221 120
张横 7 163 5 0 183 184 177 174 82 283 7 264 143
梁兴 9 135 4 0 139 140 137 110 62 262 177 267 229
成宜 5 129 4 0 8 7 10 274 66 114 136 62 200
马玩 8 141 4 0 168 167 166 202 225 241 279 28 162
杨秋 7 121 3 0 249 250 259 261 46 99 263 291 48
张让 7 165 4 0 143 144 149 75 272 29 111 146 183
赵忠 5 151 4 0 244 243 240 186 48 226 12 262 32
封谞 7 169 4 0 195 196 189 158 245 213 242 103 169
段珪 10 159 4 0 95 96 93 82 132 146 90 113 197
曹节 5 137 4 0 124 123 120 78 180 63 252 65 114
侯览 5 114 4 0 243 244 239 153 173 19 46 298 253
蹇硕 2 92 4 0 5 6 11 89 277 74 47 50 281
程旷 8 118 4 0 285 286 281 276 206 13 294 105 289
夏恽 10 153 4 0 192 191 194 207 6 156 34 197 87
郭胜 8 149 4 0 130 129 128 142 166 81 197 211 174
吕伯奢 5 149 4 0 83 84 75 79 103 15 35 69 171
普净 9 118 4 0 258 257 256 11 190 271 40 269 199
华佗 9 144 3 0 22 21 24 246 51 182 241 209 20
于吉 4 149 3 0 233 234 231 57 289 128 144 121 93
左慈 11 193 4 0 82 81 86 95 183 269 126 204 283
吉平 7 140 4 0 202 201 200 168 20 176 56 26 70
