荀彧 3 23 3 0 37 38 27 19 210 280
荀攸 8 30 2 0 41 42 9 90 98 245
贾诩 4 31 3 0 237 238 235 197 65 296
郭嘉 3 31 2 0 62 61 58 291 139 200
程昱 5 29 2 0 31 32 33 277 69 229
戏志才 5 28 3 0 273 274 279 181 126 56
刘晔 3 27 2 0 167 168 165 200 223 160
蒋济 6 32 3 0 213 214 209 225 204 195
陈群 6 29 3 0 282 281 286 204 255 148
华歆 2 23 3 0 297 298 2 42 212 224
钟繇 4 39 3 0 198 197 188 208 138 190
满宠 2 30 2 0 19 20 17 37 43 243
董昭 3 25 4 0 295 296 289 293 78 77
王朗 3 35 1 0 131 132 135 287 92 187
崔琰 6 29 3 0 148 147 152 129 7 282
毛玠 3 27 2 0 136 135 132 210 154 157
杜畿 4 33 2 0 87 88 107 59 146 93
田畴 5 32 3 0 34 33 32 12 120 80
王修 4 30 3 0 12 11 6 34 215 207
杨修 3 28 3 0 48 47 52 32 244 125
辛毗 5 26 2 0 137 138 139 235 197 248
杨阜 5 31 3 0 241 242 247 215 230 168
田豫 2 26 2 0 141 142 125 149 227 251
王粲 3 34 3 0 184 183 190 134 123 172
蒯越 3 24 3 0 280 279 292 17 238 37
张继 4 28 3 0 57 58 61 233 284 108
杜袭 4 28 3 0 10 9 8 239 26 107
枣祗任峻 2 19 2 0 101 102 97 49 224 179
陈矫 3 30 3 0 254 253 252 278 36 164
郗虑 4 33 3 0 3 4 298 272 152 290
桓玠 3 31 3 0 60 59 56 152 97 42
丁仪 3 36 2 0 205 206 211 289 142 106
丁廙 5 28 1 0 59 60 65 87 239 71
司马朗 1 23 3 0 292 291 280 268 100 281
韩暨 4 25 2 0 127 128 129 165 27 94
韦康 2 25 2 0 135 136 131 161 14 268
邴原 4 31 2 0 193 194 191 201 129 6
赵俨 1 37 2 0 246 245 238 22 274 123
娄圭 3 30 3 0 163 164 155 151 253 68
贾逵 6 34 2 0 52 51 48 194 1 158
陈琳 0 33 3 0 281 282 285 203 256 292
司马懿 6 26 3 0 109 110 111 99 61 98
张辽 5 27 2 0 118 117 122 111 128 21
徐晃 4 29 2 0 145 146 153 115 165 236
夏侯惇 1 28 2 0 89 90 91 5 134 150
夏侯渊 2 33 3 0 102 101 98 162 64 144
庞德 3 35 3 0 142 141 126 130 205 201
张郃 5 28 2 0 71 72 79 93 275 59
李典 3 25 2 0 91 92 89 128 84 153
乐进 7 32 3 0 55 56 45 234 75 194
典韦 1 35 1 0 23 24 21 56 114 293
曹洪 2 28 3 0 250 249 260 262 191 173
曹仁 6 25 3 0 188 187 198 175 140 211
曹彰 5 33 3 0 225 226 223 213 168 79
曹纯 3 22 2 0 49 50 35 101 217 238
于禁 6 31 3 0 270 269 274 266 296 132
许褚 2 34 2 0 110 109 112 139 177 45
吕虔 4 27 2 0 261 262 271 249 247 14
李通 3 41 2 0 189 190 195 159 291 147
文聘 6 24 2 0 206 205 212 61 285 151
臧霸 4 29 1 0 39 40 43 27 156 121
郭淮 2 29 2 0 256 255 258 227 281 161
钟会 3 30 2 0 68 67 66 212 76 163
邓艾 4 39 3 0 271 272 261 259 158 258
曹休 4 31 1 0 88 87 108 96 259 181
张燕 5 32 3 0 92 91 90 76 131 154
张绣 1 27 3 0 150 149 160 105 122 89
朱灵 5 31 1 0 28 27 38 29 79 155
路昭 4 31 3 0 177 178 183 121 110 38
史涣 2 33 3 0 144 143 134 176 196 102
韩浩 5 23 4 0 294 293 288 224 58 149
王凌 3 36 2 0 106 105 104 108 226 205
孙礼 3 31 1 0 32 31 34 48 63 203
秦朗 3 35 2 0 187 188 197 251 266 131
郑文 8 27 2 0 245 246 255 6 195 41
夏侯尚 4 31 2 0 6 5 12 245 192 193
毌丘俭 4 26 1 0 99 100 113 109 298 249
诸葛诞 2 26 3 0 231 232 233 25 13 46
孙乾 5 34 2 0 75 76 83 143 55 286
简雍 6 32 2 0 259 260 249 271 88 265
糜竺 4 30 3 0 255 256 245 247 282 17
糜芳 5 33 3 0 264 263 278 283 155 260
庞统 4 32 2 0 221 222 229 267 181 115
法正 3 31 3 0 128 127 130 91 118 233
许靖 6 25 2 0 151 152 147 163 171 206
马良 3 25 3 0 77 78 53 43 50 295
徐庶 5 26 2 0 248 247 242 66 252 137
陈震 3 39 2 0 147 148 151 155 257 189
杨仪 4 34 2 0 279 280 273 288 219 35
费祎 7 25 4 0 220 219 218 230 186 180
蒋琬 3 34 2 0 266 265 268 270 187 235
孟优 4 24 2 0 140 139 138 160 188 25
黄皓 4 22 2 0 227 228 215 256 141 105
诸葛亮 5 24 3 0 149 150 143 141 24 294
关羽 2 33 2 0 284 283 276 286 57 214
张飞 4 20 3 0 105 106 103 150 268 227
马超 3 24 3 0 116 115 114 50 199 253
黄忠 4 34 2 0 54 53 78 132 35 129
赵云 5 31 3 0 90 89 92 41 113 20
魏延 5 30 3 0 278 277 264 254 133 16
关平 5 26 3 0 63 64 69 53 32 124
周仓 3 36 4 0 212 211 206 68 297 120
关兴 5 32 3 0 186 185 182 244 220 30
张苞 5 35 2 0 9 10 41 45 29 33
陈到 7 31 2 0 234 233 232 55 33 272
李严 3 36 2 0 15 16 13 18 2 83
姜维 3 28 2 0 157 158 161 97 267 136
廖化 5 25 2 0 84 83 94 73 91 199
马谡 1 26 1 0 74 73 76 85 263 5
马岱 4 29 3 0 65 66 59 33 237 196
陈式 5 30 3 0 44 43 40 38 209 112
雷铜 2 30 3 0 96 95 100 88 107 43
吴兰 6 32 1 0 67 68 73 290 104 242
王平 5 28 4 0 162 161 158 102 112 36
任夔 5 30 2 0 2 1 297 51 15 76
张翼 8 30 2 0 104 103 106 117 67 204
马忠 6 29 1 0 81 82 85 103 115 130
张南 4 29 2 0 121 122 133 177 119 39
冯习 2 26 2 0 251 252 253 187 175 141
傅佥 3 29 3 0 164 163 156 236 85 254
关索 6 32 2 0 242 241 248 252 265 67
陆逊 5 29 3 0 76 75 74 92 68 2
张昭 4 29 3 0 196 195 210 185 144 65
张紘 3 29 2 0 277 278 263 31 5 275
鲁肃 5 32 4 0 154 153 146 180 136 92
虞翻 2 36 3 0 218 217 220 222 214 138
顾雍 4 26 2 0 14 13 16 26 135 261
诸葛谨 5 42 2 0 169 170 159 216 194 119
诸葛恪 1 30 3 0 66 65 68 248 8 210
陆凯 4 24 2 0 25 26 29 231 276 140
骆统 5 29 3 0 226 225 236 214 106 244
周鲂 1 31 2 0 85 86 81 74 164 97
周瑜 6 29 2 0 156 155 164 166 39 192
吕蒙 5 25 2 0 222 221 230 218 262 217
甘宁 5 28 2 0 56 55 60 23 235 273
太史慈 2 30 3 0 26 25 30 14 10 247
程普 2 26 1 0 276 275 284 285 25 298
黄盖 6 23 1 0 119 120 123 171 121 169
韩当 4 30 3 0 207 208 203 192 161 12
周泰 2 29 2 0 165 166 167 127 145 27
蒋钦 4 35 3 0 152 151 148 60 3 4
丁奉 1 24 2 0 47 48 51 191 153 100
徐盛 5 30 3 0 113 114 99 98 90 170
陈武 4 30 2 0 17 18 19 280 283 255
凌操 6 34 3 0 18 17 20 15 40 240
凌统 5 29 2 0 239 240 243 10 59 209
潘璋 2 35 1 0 45 46 55 9 185 110
朱然 3 31 4 0 262 261 272 250 222 139
孙桓 7 31 3 0 133 134 121 126 278 216
马忠 5 30 3 0 16 15 14 4 80 278
孙韶 5 27 3 0 78 77 54 124 295 24
朱桓 4 27 2 0 171 172 179 119 151 175
夏恂 1 23 4 0 100 99 96 94 292 47
周平 4 38 1 0 219 220 217 229 279 215
全琮 3 31 2 0 203 204 207 281 228 32
于诠 4 31 2 0 38 37 28 44 70 177
张角 1 28 2 0 50 49 36 116 77 122
何进 1 31 2 0 97 98 101 157 60 85
董卓 1 28 3 0 122 121 118 178 150 50
袁绍 1 36 3 0 123 124 119 172 184 246
吕布 7 24 4 0 180 179 172 154 124 220
袁术 3 36 3 0 120 119 124 114 34 212
刘表 4 28 4 0 236 235 226 164 108 145
刘璋 2 28 2 0 173 174 175 125 243 250
马腾 6 27 3 0 283 284 275 264 17 183
张鲁 3 32 4 0 232 231 234 69 229 51
韩遂 2 32 2 0 247 248 241 255 261 26
公孙瓒 5 29 2 0 229 230 221 219 232 31
韩馥 2 32 2 0 214 213 224 226 218 284
刘岱 2 26 2 0 46 45 42 86 249 231
王匡 5 30 4 0 170 169 178 138 30 113
张邈 4 32 2 0 174 173 176 183 86 185
孔伷 5 34 2 0 33 34 31 65 234 9
陶谦 3 28 2 0 125 126 141 173 293 48
鲍信 5 27 3 0 24 23 22 20 149 78
桥瑁 3 34 3 0 69 70 63 232 31 228
袁遗 3 29 3 0 223 224 225 209 167 134
孔融 1 38 3 0 179 180 171 182 42 101
张超 6 36 3 0 40 39 44 36 18 1
张杨 4 28 3 0 108 107 88 106 236 57
刘度 4 30 2 0 73 74 67 84 93 61
赵范 5 31 3 0 20 19 18 24 202 90
金旋 2 23 3 0 224 223 214 294 101 297
韩玄 4 32 3 0 185 186 181 196 45 174
张宝 4 28 3 0 107 108 87 72 96 10
张梁 6 30 3 0 132 131 136 54 95 270
程远志 3 26 3 0 160 159 150 140 178 167
邓茂 8 32 2 0 204 203 208 282 213 104
马元义 5 26 2 0 199 200 201 217 116 84
赵弘 3 39 2 0 257 258 265 70 147 230
韩忠 4 35 2 0 129 130 127 148 193 54
孙夏 4 31 1 0 181 182 185 273 221 88
管亥 2 24 3 0 268 267 266 292 105 135
何仪 5 32 2 0 30 29 26 260 170 186
刘辟 5 30 2 0 267 268 269 221 157 287
龚都 3 23 2 0 238 237 246 253 280 49
裴元绍 3 33 2 0 235 236 237 137 56 266
高升 4 35 3 0 4 3 291 16 240 152
张闿 7 38 3 0 269 270 267 265 288 82
韩暹 4 34 2 0 290 289 296 67 159 3
李乐 2 27 2 0 191 192 193 47 250 11
杨奉 3 29 3 0 114 113 116 120 23 8
董承 5 30 4 0 112 111 110 80 162 44
王子服 5 25 2 0 217 218 219 199 49 222
李儒 6 34 3 0 158 157 162 195 271 52
陈宫 3 37 3 0 230 229 222 220 241 257
田丰 4 24 3 0 94 93 84 100 11 127
沮授 1 32 2 0 293 294 287 295 125 23
审配 3 31 3 0 200 199 202 167 72 62
许攸 3 24 4 0 253 254 251 238 163 116
郭图 1 29 4 0 210 209 196 136 37 66
逢纪 4 32 1 0 115 116 117 145 81 221
辛评 2 26 2 0 298 297 3 13 99 276
荀谌 4 20 2 0 291 292 4 62 189 103
辛毗 3 29 2 0 134 133 144 184 89 223
陈登 3 35 4 0 201 202 199 193 182 142
蒯良 4 33 3 0 166 165 168 156 130 64
王累 5 37 3 0 288 287 294 279 269 111
韩胤 5 40 3 0 117 118 115 104 211 208
沮鹄 6 26 4 0 86 85 82 46 174 70
杨弘 3 30 4 0 252 251 254 242 248 58
阎象 4 31 4 0 296 295 290 64 270 237
蒯越 4 33 3 0 64 63 70 296 102 166
伍孚 3 32 3 0 274 273 270 8 246 72
李傕 2 37 2 0 138 137 140 170 198 218
郭汜 6 26 2 0 98 97 102 113 41 109
颜良 5 27 2 0 21 22 23 211 53 118
文丑 6 30 2 0 7 8 1 58 148 159
潘凤 3 32 3 0 72 71 80 107 200 274
俞涉 3 26 2 0 263 264 277 275 74 178
武安国 3 25 4 0 178 177 170 122 160 263
穆顺 2 26 2 0 11 12 5 258 94 191
华雄 5 29 1 0 209 210 213 223 44 239
牛辅 6 33 3 0 146 145 154 240 87 95
张济 5 29 3 0 176 175 174 144 260 202
樊稠 3 29 1 0 275 276 283 263 71 277
胡轸 5 33 3 0 79 80 71 83 28 225
胡车儿 7 31 3 0 272 271 262 3 143 234
李肃 5 33 4 0 286 285 282 284 208 75
高顺 2 30 1 0 27 28 37 39 127 165
张任 7 28 1 0 126 125 142 133 273 197
高览 6 32 3 0 265 266 257 269 242 259
曹性 7 31 3 0 216 215 228 169 287 133
闵纯 4 23 2 0 13 14 15 298 231 285
纪灵 6 26 3 0 70 69 64 257 38 86
马休 6 30 2 0 159 160 169 189 290 7
马铁 3 34 2 0 172 171 180 123 111 184
高览 5 32 4 0 260 259 250 30 176 264
袁谭 3 25 2 0 153 154 145 243 47 91
袁熙 5 32 4 0 80 79 72 112 16 34
袁尚 6 36 3 0 240 239 244 146 4 18
高干 5 29 3 0 182 181 186 179 201 22
麴义 5 37 3 0 208 207 204 198 286 117
吕翔 5 30 3 0 287 288 293 131 216 267
吕旷 3 30 3 0 58 57 62 7 294 252
韩猛 7 27 2 0 197 198 187 237 137 126
淳于琼 3 29 2 0 53 54 77 63 21 289
焦触 4 33 2 0 93 94 95 71 73 87
张南 7 37 3 0 194 193 192 52 169 55
马延 6 37 2 0 1 2 7 35 52 40
雷薄 5 34 2 0 29 30 25 28 9 143
张勋 6 25 3 0 211 212 205 21 117 188
陈纪 3 29 2 0 289 290 295 205 233 53
桥蕤 4 28 2 0 175 176 173 188 251 171
郝萌 3 34 3 0 228 227 216 190 203 69
侯成 3 32 3 0 51 52 47 2 22 232
宋宪 2 28 3 0 161 162 157 135 207 256
魏续 5 28 3 0 36 35 50 40 254 162
成廉 4 36 2 0 215 216 227 241 12 219
蔡瑁 3 31 2 0 42 41 46 297 179 60
张允 3 39 3 0 103 104 105 81 83 291
黄祖 5 23 2 0 190 189 184 228 258 198
苏飞 5 36 3 0 111 112 109 118 172 288
吕公 4 34 2 0 35 36 49 1 54 279
侯选 2 30 2 0 43 44 39 77 19 96
程银 4 30 1 0 61 62 57 206 109 73
李堪 5 31 2 0 155 156 163 147 264 28
张横 6 27 2 0 183 184 177 174 82 283
梁兴 3 31 3 0 139 140 137 110 62 262
成宜 3 29 2 0 8 7 10 274 66 114
马玩 5 31 2 0 168 167 166 202 225 241
杨秋 4 26 2 0 249 250 259 261 46 99
张让 5 34 3 0 143 144 149 75 272 29
赵忠 5 29 4 0 244 243 240 186 48 226
封谞 6 32 2 0 195 196 189 158 245 213
段珪 6 33 2 0 95 96 93 82 132 146
曹节 5 26 3 0 124 123 120 78 180 63
侯览 2 30 2 0 243 244 239 153 173 19
蹇硕 1 25 2 0 5 6 11 89 277 74
程旷 4 23 3 0 285 286 281 276 206 13
夏恽 6 29 3 0 192 191 194 207 6 156
郭胜 6 28 2 0 130 129 128 142 166 81
吕伯奢 3 36 3 0 83 84 75 79 103 15
普净 5 20 3 0 258 257 256 11 190 271
华佗 5 29 2 0 22 21 24 246 51 182
于吉 3 32 2 0 233 234 231 57 289 128
左慈 7 41 2 0 82 81 86 95 183 269
吉平 5 29 4 0 202 201 200 168 20 176
