荀彧 9 152 5 0 37 38 27 19 210 280 227 208 288 117
荀攸 14 259 4 0 41 42 9 90 98 245 204 194 126 67
贾诩 8 200 4 0 237 238 235 197 65 296 88 275 110 185
郭嘉 9 186 4 0 62 61 58 291 139 200 137 8 107 42
程昱 9 213 4 0 31 32 33 277 69 229 287 206 137 64
戏志才 11 224 5 0 273 274 279 181 126 56 278 98 159 34
刘晔 6 163 5 0 167 168 165 200 223 160 127 150 276 161
蒋济 11 235 5 0 213 214 209 225 204 195 55 75 52 240
陈群 10 232 5 0 282 281 286 204 255 148 245 283 260 133
华歆 7 145 5 0 297 298 2 42 212 224 268 101 29 122
钟繇 8 221 4 0 198 197 188 208 138 190 33 152 61 232
满宠 6 191 4 0 19 20 17 37 43 243 289 141 179 8
董昭 5 176 4 0 295 296 289 293 78 77 231 161 46 203
王朗 9 208 4 0 131 132 135 287 92 187 93 24 166 20
崔琰 11 218 4 0 148 147 152 129 7 282 255 287 209 159
毛玠 10 184 5 0 136 135 132 210 154 157 8 60 14 222
杜畿 10 223 4 0 87 88 107 59 146 93 129 115 192 7
田畴 11 225 4 0 34 33 32 12 120 80 192 158 30 273
王修 9 203 6 0 12 11 6 34 215 207 244 170 26 10
杨修 8 172 5 0 48 47 52 32 244 125 134 127 249 25
辛毗 11 211 4 0 137 138 139 235 197 248 62 70 31 220
杨阜 8 213 5 0 241 242 247 215 230 168 22 56 39 120
田豫 8 173 4 0 141 142 125 149 227 251 256 19 178 43
王粲 6 183 5 0 184 183 190 134 123 172 207 42 291 251
蒯越 4 165 4 0 280 279 292 17 238 37 253 191 89 165
张继 12 169 5 0 57 58 61 233 284 108 94 222 226 82
杜袭 9 204 5 0 10 9 8 239 26 107 24 76 170 12
枣祗任峻 4 137 4 0 101 102 97 49 224 179 247 297 292 212
陈矫 7 199 4 0 254 253 252 278 36 164 23 144 53 99
郗虑 9 214 5 0 3 4 298 272 152 290 38 118 80 44
桓玠 9 191 4 0 60 59 56 152 97 42 217 136 140 236
丁仪 7 218 5 0 205 206 211 289 142 106 166 80 69 147
丁廙 10 225 4 0 59 60 65 87 239 71 70 109 98 16
司马朗 6 107 4 0 292 291 280 268 100 281 123 214 101 244
韩暨 6 182 4 0 127 128 129 165 27 94 167 48 293 200
韦康 5 186 4 0 135 136 131 161 14 268 261 250 203 144
邴原 7 203 5 0 193 194 191 201 129 6 170 138 163 182
赵俨 7 186 4 0 246 245 238 22 274 123 235 114 42 107
娄圭 9 201 4 0 163 164 155 151 253 68 2 51 193 275
贾逵 13 241 5 0 52 51 48 194 1 158 9 55 213 272
陈琳 2 176 4 0 281 282 285 203 256 292 293 47 5 97
司马懿 11 233 4 0 109 110 111 99 61 98 188 59 132 4
张辽 8 227 5 0 118 117 122 111 128 21 6 3 215 156
徐晃 7 203 4 0 145 146 153 115 165 236 229 223 17 6
夏侯惇 4 143 5 0 89 90 91 5 134 150 97 268 280 66
夏侯渊 6 191 5 0 102 101 98 162 64 144 200 236 125 72
庞德 5 226 5 0 142 141 126 130 205 201 80 35 147 100
张郃 9 199 4 0 71 72 79 93 275 59 223 207 88 190
李典 7 186 5 0 91 92 89 128 84 153 25 261 78 23
乐进 9 249 4 0 55 56 45 234 75 194 213 52 264 90
典韦 7 190 4 0 23 24 21 56 114 293 254 179 182 91
曹洪 7 173 4 0 250 249 260 262 191 173 251 135 157 150
曹仁 8 223 5 0 188 187 198 175 140 211 109 278 16 79
曹彰 10 241 5 0 225 226 223 213 168 79 264 9 40 1
曹纯 6 155 4 0 49 50 35 101 217 238 105 257 100 47
于禁 11 239 4 0 270 269 274 266 296 132 272 156 240 216
许褚 8 196 3 0 110 109 112 139 177 45 212 171 237 36
吕虔 10 178 5 0 261 262 271 249 247 14 135 91 43 289
李通 8 215 5 0 189 190 195 159 291 147 208 154 79 129
文聘 10 203 5 0 206 205 212 61 285 151 182 31 76 168
臧霸 6 207 5 0 39 40 43 27 156 121 73 162 241 38
郭淮 6 178 3 0 256 255 258 227 281 161 141 173 25 11
钟会 5 191 5 0 68 67 66 212 76 163 85 203 144 235
邓艾 7 238 4 0 271 272 261 259 158 258 230 106 152 183
曹休 9 198 4 0 88 87 108 96 259 181 237 175 71 199
张燕 9 232 5 0 92 91 90 76 131 154 260 290 113 143
张绣 7 169 5 0 150 149 160 105 122 89 191 167 94 250
朱灵 10 207 4 0 28 27 38 29 79 155 112 168 73 255
路昭 5 190 5 0 177 178 183 121 110 38 139 85 217 218
史涣 5 185 5 0 144 143 134 176 196 102 233 254 68 135
韩浩 9 179 5 0 294 293 288 224 58 149 285 169 105 172
王凌 7 218 5 0 106 105 104 108 226 205 147 271 257 286
孙礼 7 216 5 0 32 31 34 48 63 203 16 166 244 171
秦朗 7 209 4 0 187 188 197 251 266 131 15 38 2 166
郑文 10 236 5 0 245 246 255 6 195 41 282 260 33 197
夏侯尚 7 204 4 0 6 5 12 245 192 193 118 15 84 145
毌丘俭 7 199 3 0 99 100 113 109 298 249 149 27 236 254
诸葛诞 7 167 5 0 231 232 233 25 13 46 295 153 224 253
孙乾 9 235 5 0 75 76 83 143 55 286 146 213 265 113
简雍 6 232 4 0 259 260 249 271 88 265 115 61 219 93
糜竺 10 207 5 0 255 256 245 247 282 17 148 232 56 28
糜芳 11 245 5 0 264 263 278 283 155 260 225 183 55 265
庞统 6 217 6 0 221 222 229 267 181 115 121 155 129 29
法正 10 192 4 0 128 127 130 91 118 233 162 185 164 207
许靖 10 211 4 0 151 152 147 163 171 206 119 220 248 211
马良 6 164 4 0 77 78 53 43 50 295 153 276 238 191
徐庶 12 200 4 0 248 247 242 66 252 137 222 36 151 119
陈震 7 219 4 0 147 148 151 155 257 189 106 58 142 205
杨仪 7 208 5 0 279 280 273 288 219 35 168 20 180 2
费祎 11 211 5 0 220 219 218 230 186 180 194 151 21 137
蒋琬 10 199 5 0 266 265 268 270 187 235 239 84 296 139
孟优 7 192 5 0 140 139 138 160 188 25 14 107 60 217
黄皓 8 181 5 0 227 228 215 256 141 105 37 94 263 196
诸葛亮 9 203 4 0 149 150 143 141 24 294 99 63 190 51
关羽 4 207 4 0 284 283 276 286 57 214 51 17 247 45
张飞 9 166 5 0 105 106 103 150 268 227 49 285 294 94
马超 11 176 4 0 116 115 114 50 199 253 125 196 117 104
黄忠 6 207 4 0 54 53 78 132 35 129 61 274 228 108
赵云 9 241 4 0 90 89 92 41 113 20 95 265 234 55
魏延 8 223 5 0 278 277 264 254 133 16 273 188 211 215
关平 11 199 5 0 63 64 69 53 32 124 21 149 175 170
周仓 3 198 4 0 212 211 206 68 297 120 110 235 58 101
关兴 9 223 5 0 186 185 182 244 220 30 154 215 4 115
张苞 8 238 5 0 9 10 41 45 29 33 52 225 133 290
陈到 11 235 4 0 234 233 232 55 33 272 216 4 90 81
李严 6 200 4 0 15 16 13 18 2 83 187 6 185 124
姜维 7 169 4 0 157 158 161 97 267 136 173 251 250 46
廖化 7 205 4 0 84 83 94 73 91 199 164 266 6 274
马谡 4 177 4 0 74 73 76 85 263 5 276 178 11 268
马岱 7 195 5 0 65 66 59 33 237 196 171 124 275 17
陈式 9 222 4 0 44 43 40 38 209 112 132 129 115 3
雷铜 6 193 5 0 96 95 100 88 107 43 165 72 223 125
吴兰 14 237 4 0 67 68 73 290 104 242 265 240 204 41
王平 8 203 4 0 162 161 158 102 112 36 128 39 168 181
任夔 7 211 4 0 2 1 297 51 15 76 163 296 187 279
张翼 10 259 5 0 104 103 106 117 67 204 133 126 269 116
马忠 11 234 5 0 81 82 85 103 115 130 158 111 154 234
张南 6 202 4 0 121 122 133 177 119 39 221 233 181 138
冯习 6 186 4 0 251 252 253 187 175 141 250 157 173 184
傅佥 8 197 5 0 164 163 156 236 85 254 84 182 128 252
关索 12 249 5 0 242 241 248 252 265 67 195 117 1 269
陆逊 10 198 5 0 76 75 74 92 68 2 86 10 206 229
张昭 8 182 5 0 196 195 210 185 144 65 190 116 27 227
张紘 6 188 4 0 277 278 263 31 5 275 43 160 13 291
鲁肃 9 231 4 0 154 153 146 180 136 92 186 189 81 30
虞翻 5 189 6 0 218 217 220 222 214 138 201 228 210 177
顾雍 10 197 4 0 14 13 16 26 135 261 140 199 136 226
诸葛谨 9 272 4 0 169 170 159 216 194 119 288 294 195 146
诸葛恪 4 163 5 0 66 65 68 248 8 210 50 46 268 89
陆凯 8 172 4 0 25 26 29 231 276 140 91 11 256 48
骆统 10 194 5 0 226 225 236 214 106 244 180 119 57 14
周鲂 7 178 4 0 85 86 81 74 164 97 68 177 172 78
周瑜 8 228 5 0 156 155 164 166 39 192 113 270 112 118
吕蒙 10 189 4 0 222 221 230 218 262 217 248 57 36 136
甘宁 8 208 4 0 56 55 60 23 235 273 202 241 255 73
太史慈 7 204 5 0 26 25 30 14 10 247 53 202 12 267
程普 6 162 5 0 276 275 284 285 25 298 74 77 167 238
黄盖 12 186 4 0 119 120 123 171 121 169 151 226 146 248
韩当 10 192 5 0 207 208 203 192 161 12 184 71 252 128
周泰 4 167 4 0 165 166 167 127 145 27 96 97 47 280
蒋钦 7 238 5 0 152 151 148 60 3 4 257 198 271 195
丁奉 6 147 5 0 47 48 51 191 153 100 5 281 165 49
徐盛 9 233 5 0 113 114 99 98 90 170 156 95 92 75
陈武 7 198 4 0 17 18 19 280 283 255 185 284 145 65
凌操 9 223 5 0 18 17 20 15 40 240 4 79 230 158
凌统 9 229 4 0 239 240 243 10 59 209 266 286 103 176
潘璋 4 200 4 0 45 46 55 9 185 110 262 247 108 284
朱然 8 214 5 0 262 261 272 250 222 139 45 244 35 174
孙桓 10 235 4 0 133 134 121 126 278 216 104 1 9 282
马忠 10 223 5 0 16 15 14 4 80 278 32 7 188 59
孙韶 7 182 4 0 78 77 54 124 295 24 175 43 91 85
朱桓 7 215 5 0 171 172 179 119 151 175 65 110 83 32
夏恂 6 151 4 0 100 99 96 94 292 47 238 123 49 142
周平 8 226 4 0 219 220 217 229 279 215 103 33 259 86
全琮 5 180 4 0 203 204 207 281 228 32 114 68 135 295
于诠 6 214 4 0 38 37 28 44 70 177 3 187 232 39
张角 5 171 5 0 50 49 36 116 77 122 66 5 214 298
何进 2 175 5 0 97 98 101 157 60 85 89 165 123 281
董卓 7 159 5 0 122 121 118 178 150 50 298 253 153 297
袁绍 4 189 5 0 123 124 119 172 184 246 292 100 97 160
吕布 9 208 5 0 180 179 172 154 124 220 226 229 279 70
袁术 8 210 5 0 120 119 124 114 34 212 69 112 155 241
刘表 9 187 5 0 236 235 226 164 108 145 267 102 99 60
刘璋 4 184 4 0 173 174 175 125 243 250 157 256 251 179
马腾 14 210 4 0 283 284 275 264 17 183 159 282 82 126
张鲁 8 217 5 0 232 231 234 69 229 51 181 255 38 198
韩遂 6 201 5 0 247 248 241 255 261 26 101 45 284 228
公孙瓒 10 200 5 0 229 230 221 219 232 31 145 180 139 76
韩馥 3 189 5 0 214 213 224 226 218 284 179 292 50 210
刘岱 7 168 5 0 46 45 42 86 249 231 243 66 295 157
王匡 11 204 4 0 170 169 178 138 30 113 193 12 10 63
张邈 8 214 5 0 174 173 176 183 86 185 79 132 130 262
孔伷 8 236 4 0 33 34 31 65 234 9 198 219 245 40
陶谦 6 194 4 0 125 126 141 173 293 48 116 263 102 96
鲍信 7 218 5 0 24 23 22 20 149 78 10 131 64 257
桥瑁 9 214 5 0 69 70 63 232 31 228 120 83 205 209
袁遗 8 193 4 0 223 224 225 209 167 134 71 145 96 13
孔融 4 180 4 0 179 180 171 182 42 101 214 23 19 173
张超 8 235 5 0 40 39 44 36 18 1 258 288 225 33
张杨 6 205 5 0 108 107 88 106 236 57 275 53 45 54
刘度 8 208 5 0 73 74 67 84 93 61 39 21 28 56
赵范 9 207 4 0 20 19 18 24 202 90 64 279 22 131
金旋 9 155 5 0 224 223 214 294 101 297 291 238 231 153
韩玄 8 198 5 0 185 186 181 196 45 174 17 128 15 237
张宝 7 183 4 0 107 108 87 72 96 10 160 140 62 246
张梁 11 230 5 0 132 131 136 54 95 270 44 174 109 111
程远志 4 189 6 0 160 159 150 140 178 167 107 277 72 123
邓茂 12 258 4 0 204 203 208 282 213 104 41 82 67 194
马元义 9 194 4 0 199 200 201 217 116 84 36 14 258 88
赵弘 7 219 5 0 257 258 265 70 147 230 152 49 106 24
韩忠 8 215 5 0 129 130 127 148 193 54 87 44 221 189
孙夏 8 206 4 0 181 182 185 273 221 88 232 93 121 162
管亥 4 168 4 0 268 267 266 292 105 135 297 89 66 74
何仪 9 229 4 0 30 29 26 260 170 186 155 176 34 154
刘辟 7 204 5 0 267 268 269 221 157 287 236 139 51 26
龚都 6 162 4 0 238 237 246 253 280 49 100 224 77 276
裴元绍 5 206 4 0 235 236 237 137 56 266 246 212 274 68
高升 11 228 5 0 4 3 291 16 240 152 18 234 186 109
张闿 12 255 4 0 269 270 267 265 288 82 117 258 104 242
韩暹 8 242 5 0 290 289 296 67 159 3 286 92 208 9
李乐 6 171 5 0 191 192 193 47 250 11 150 280 161 77
杨奉 6 194 6 0 114 113 116 120 23 8 203 246 124 201
董承 10 228 4 0 112 111 110 80 162 44 28 120 156 61
王子服 7 195 4 0 217 218 219 199 49 222 60 172 177 140
李儒 9 225 5 0 158 157 162 195 271 52 81 34 286 18
陈宫 7 225 4 0 230 229 222 220 241 257 271 29 18 103
田丰 9 172 5 0 94 93 84 100 11 127 57 227 150 105
沮授 6 172 5 0 293 294 287 295 125 23 281 134 127 178
审配 6 181 4 0 200 199 202 167 72 62 102 210 8 127
许攸 7 168 4 0 253 254 251 238 163 116 280 122 243 231
郭图 3 196 5 0 210 209 196 136 37 66 42 200 218 214
逢纪 9 223 4 0 115 116 117 145 81 221 259 87 44 186
辛评 5 175 4 0 298 297 3 13 99 276 122 243 134 50
荀谌 6 189 4 0 291 292 4 62 189 103 224 249 184 277
辛毗 3 170 4 0 134 133 144 184 89 223 48 293 298 5
陈登 6 195 5 0 201 202 199 193 182 142 218 64 138 114
蒯良 7 207 5 0 166 165 168 156 130 64 205 32 131 187
王累 6 251 4 0 288 287 294 279 269 111 169 40 37 208
韩胤 8 253 5 0 117 118 115 104 211 208 269 242 116 37
沮鹄 8 224 4 0 86 85 82 46 174 70 76 159 7 219
杨弘 8 197 5 0 252 251 254 242 248 58 124 190 207 164
阎象 8 203 5 0 296 295 290 64 270 237 274 2 266 35
蒯越 9 211 5 0 64 63 70 296 102 166 20 201 24 31
伍孚 7 205 5 0 274 273 270 8 246 72 296 54 235 84
李傕 6 202 5 0 138 137 140 170 198 218 228 193 201 121
郭汜 12 225 4 0 98 97 102 113 41 109 211 273 59 260
颜良 11 217 4 0 21 22 23 211 53 118 63 73 220 287
文丑 10 219 4 0 7 8 1 58 148 159 183 16 86 87
潘凤 6 191 4 0 72 71 80 107 200 274 27 96 160 102
俞涉 8 179 4 0 263 264 277 275 74 178 249 125 227 285
武安国 6 175 4 0 178 177 170 122 160 263 13 74 141 293
穆顺 6 176 4 0 11 12 5 258 94 191 161 25 74 256
华雄 9 217 4 0 209 210 213 223 44 239 176 22 148 69
牛辅 9 252 5 0 146 145 154 240 87 95 75 143 119 169
张济 9 226 4 0 176 175 174 144 260 202 209 30 287 239
樊稠 9 200 5 0 275 276 283 263 71 277 108 237 65 163
胡轸 8 223 5 0 79 80 71 83 28 225 174 18 189 188
胡车儿 13 234 5 0 272 271 262 3 143 234 270 216 111 52
李肃 7 217 5 0 286 285 282 284 208 75 290 239 158 106
高顺 8 180 3 0 27 28 37 39 127 165 72 99 196 249
张任 13 242 5 0 126 125 142 133 273 197 82 104 41 283
高览 11 242 5 0 265 266 257 269 242 259 67 90 75 264
曹性 11 235 5 0 216 215 228 169 287 133 234 272 194 270
闵纯 8 184 4 0 13 14 15 298 231 285 178 289 277 223
纪灵 9 208 4 0 70 69 64 257 38 86 59 137 202 180
马休 11 219 5 0 159 160 169 189 290 7 283 86 273 148
马铁 9 183 4 0 172 171 180 123 111 184 58 217 85 294
高览 12 225 4 0 260 259 250 30 176 264 92 245 282 98
袁谭 9 166 5 0 153 154 145 243 47 91 77 231 122 224
袁熙 11 210 4 0 80 79 72 112 16 34 142 205 3 22
袁尚 11 242 5 0 240 239 244 146 4 18 1 67 270 213
高干 7 199 5 0 182 181 186 179 201 22 206 164 23 193
麴义 6 241 5 0 208 207 204 198 286 117 189 37 290 288
吕翔 11 215 5 0 287 288 293 131 216 267 31 148 176 21
吕旷 5 217 4 0 58 57 62 7 294 252 172 147 212 83
韩猛 10 238 4 0 197 198 187 237 137 126 130 192 95 245
淳于琼 7 204 4 0 53 54 77 63 21 289 26 108 254 202
焦触 6 231 4 0 93 94 95 71 73 87 131 181 233 259
张南 12 269 4 0 194 193 192 52 169 55 220 41 216 204
马延 10 245 4 0 1 2 7 35 52 40 240 133 242 225
雷薄 6 222 5 0 29 30 25 28 9 143 215 230 297 221
张勋 10 217 4 0 211 212 205 21 117 188 98 130 278 151
陈纪 10 170 5 0 289 290 295 205 233 53 19 13 285 261
桥蕤 11 191 4 0 175 176 173 188 251 171 78 88 63 258
郝萌 6 201 4 0 228 227 216 190 203 69 138 218 54 247
侯成 9 202 5 0 51 52 47 2 22 232 284 163 267 149
宋宪 6 171 4 0 161 162 157 135 207 256 11 295 191 167
魏续 8 195 4 0 36 35 50 40 254 162 199 248 222 110
成廉 8 223 4 0 215 216 227 241 12 219 29 186 118 278
蔡瑁 9 184 5 0 42 41 46 297 179 60 210 184 246 62
张允 7 224 5 0 103 104 105 81 83 291 219 195 239 230
黄祖 9 198 5 0 190 189 184 228 258 198 196 252 149 71
苏飞 11 234 4 0 111 112 109 118 172 288 143 81 272 132
吕公 8 201 5 0 35 36 49 1 54 279 83 142 262 296
侯选 8 177 4 0 43 44 39 77 19 96 277 78 261 141
程银 10 227 4 0 61 62 57 206 109 73 54 259 198 112
李堪 10 217 5 0 155 156 163 147 264 28 30 221 120 130
张横 7 237 5 0 183 184 177 174 82 283 7 264 143 271
梁兴 10 200 5 0 139 140 137 110 62 262 177 267 229 266
成宜 6 190 4 0 8 7 10 274 66 114 136 62 200 19
马玩 10 204 4 0 168 167 166 202 225 241 279 28 162 206
杨秋 8 180 4 0 249 250 259 261 46 99 263 291 48 27
张让 9 234 4 0 143 144 149 75 272 29 111 146 183 92
赵忠 5 218 5 0 244 243 240 186 48 226 12 262 32 292
封谞 7 243 4 0 195 196 189 158 245 213 242 103 169 152
段珪 12 230 4 0 95 96 93 82 132 146 90 113 197 192
曹节 6 197 5 0 124 123 120 78 180 63 252 65 114 15
侯览 5 166 4 0 243 244 239 153 173 19 46 298 253 233
蹇硕 3 132 5 0 5 6 11 89 277 74 47 50 281 134
程旷 8 179 5 0 285 286 281 276 206 13 294 105 289 263
夏恽 12 227 5 0 192 191 194 207 6 156 34 197 87 95
郭胜 10 218 4 0 130 129 128 142 166 81 197 211 174 155
吕伯奢 5 210 5 0 83 84 75 79 103 15 35 69 171 58
普净 11 182 5 0 258 257 256 11 190 271 40 269 199 175
华佗 11 211 4 0 22 21 24 246 51 182 241 209 20 80
于吉 4 216 4 0 233 234 231 57 289 128 144 121 93 243
左慈 11 282 5 0 82 81 86 95 183 269 126 204 283 57
吉平 7 204 5 0 202 201 200 168 20 176 56 26 70 53
