1 41 126 2 
2 67 204 1 
3 283 82 1 
4 52 213 1 
5 111 272 3 
6 194 216 1 
7 269 104 1 
8 242 1 1 
9 270 240 2 
10 197 95 3 
11 132 109 2 
12 260 282 1 
13 192 87 1 
14 98 59 1 
15 273 159 2 
16 220 21 2 
17 151 248 3 
18 63 175 2 
19 226 57 3 
20 119 146 1 
21 264 55 1 
22 75 265 3 
23 90 234 3 
24 154 81 3 
25 4 186 1 
26 30 34 3 
27 287 176 1 
28 148 209 1 
29 80 3 1 
30 22 20 1 
31 31 137 3 
32 170 10 1 
33 206 76 2 
34 229 139 2 
35 136 14 2 
36 199 258 3 
37 116 117 1 
38 40 225 3 
39 133 9 1 
40 245 33 1 
41 92 113 2 
42 198 61 3 
43 112 156 1 
44 115 44 2 
45 188 16 3 
46 86 7 3 
47 278 211 3 
48 174 130 3 
49 120 155 3 
50 255 56 1 
51 28 73 1 
52 162 168 3 
53 296 266 3 
54 190 149 2 
55 71 88 2 
56 128 164 1 
57 207 252 1 
58 36 222 3 
59 43 261 3 
60 285 289 3 
61 294 105 2 
62 169 195 1 
63 143 183 1 
64 239 103 1 
65 230 18 3 
66 118 215 2 
67 158 286 1 
68 79 189 2 
69 205 69 3 
70 24 64 3 
71 262 35 2 
72 131 166 1 
73 180 279 1 
74 202 70 3 
75 12 26 1 
76 163 193 1 
77 110 237 2 
78 267 51 3 
79 65 275 3 
80 236 99 1 
81 140 60 3 
82 246 42 3 
83 85 172 3 
84 107 62 3 
85 27 196 2 
86 263 227 2 
87 249 48 2 
88 94 150 1 
89 153 122 1 
90 231 224 3 
91 288 37 3 
92 208 290 3 
93 271 152 2 
94 219 259 1 
95 106 257 2 
96 129 221 1 
97 232 38 1 
98 2 187 2 
99 241 39 1 
100 181 121 1 
101 6 84 2 
102 254 53 2 
103 185 15 1 
104 17 145 2 
105 182 23 2 
106 223 96 1 
107 277 13 3 
108 78 91 2 
109 178 141 3 
110 256 25 3 
111 250 157 2 
112 297 29 2 
113 142 147 3 
114 244 32 3 
115 83 171 3 
116 274 235 1 
117 228 54 2 
118 201 138 2 
119 124 114 2 
120 217 177 1 
121 102 125 2 
122 200 8 2 
123 184 291 2 
124 127 293 2 
125 295 46 3 
126 161 191 2 
127 253 243 1 
128 167 276 2 
129 77 238 2 
130 100 49 2 
131 233 93 3 
132 284 247 3 
133 108 45 1 
134 144 68 2 
135 72 160 1 
136 19 179 1 
137 251 173 1 
138 203 135 2 
139 11 74 1 
140 165 47 3 
141 101 292 3 
142 212 58 3 
143 210 218 3 
144 214 50 3 
145 134 298 3 
146 66 268 2 
147 280 89 2 
148 123 97 1 
149 281 5 2 
