1 52 194 2 
2 82 95 2 
3 104 117 1 
4 169 216 2 
5 265 269 2 
6 75 143 2 
7 234 55 2 
8 98 113 1 
9 158 195 3 
10 213 225 1 
11 290 67 3 
12 6 245 3 
13 41 90 1 
14 126 133 2 
15 174 183 3 
16 204 282 1 
17 16 4 2 
18 30 260 2 
19 272 3 1 
20 15 18 3 
21 28 29 2 
22 36 40 3 
23 54 132 3 
24 146 240 2 
25 259 271 2 
26 279 288 3 
27 1 35 1 
28 131 287 3 
29 80 112 2 
30 168 202 2 
31 220 230 1 
32 254 278 3 
33 33 65 1 
34 129 148 3 
35 156 166 2 
36 197 237 1 
37 242 252 1 
38 264 283 2 
39 59 87 2 
40 137 235 1 
41 20 24 2 
42 38 44 2 
43 78 124 3 
44 154 180 3 
45 186 244 1 
46 7 58 1 
47 61 206 2 
48 211 21 1 
49 119 171 2 
50 181 273 3 
51 12 34 2 
52 76 92 2 
53 130 142 1 
54 144 176 3 
55 198 208 3 
56 284 286 3 
57 2 51 2 
58 79 83 1 
59 88 96 1 
60 111 118 2 
61 138 170 3 
62 193 201 2 
63 219 229 2 
64 266 270 3 
65 9 45 1 
66 81 103 1 
67 147 155 3 
68 159 189 1 
69 215 241 2 
70 70 257 1 
71 102 162 3 
72 296 64 1 
73 69 232 2 
74 280 17 3 
75 27 39 3 
76 53 63 2 
77 115 145 1 
78 209 223 1 
79 10 239 3 
80 46 86 3 
81 106 108 2 
82 140 160 1 
83 190 228 1 
84 258 11 1 
85 32 48 2 
86 73 84 2 
87 91 128 2 
88 141 149 3 
89 151 163 1 
90 175 188 3 
91 192 207 1 
92 247 255 3 
93 276 285 3 
94 71 93 2 
95 99 109 3 
96 121 177 1 
97 199 217 2 
98 221 267 2 
99 62 291 2 
100 68 212 1 
101 246 22 3 
102 23 56 3 
103 114 120 3 
104 123 172 3 
105 179 182 3 
106 185 196 2 
107 214 226 3 
108 233 57 2 
109 97 157 3 
110 205 289 2 
111 60 152 3 
112 164 236 3 
113 248 66 1 
114 72 107 2 
115 110 139 2 
116 167 200 2 
117 218 222 3 
118 238 253 2 
119 277 31 3 
120 127 165 2 
121 187 251 2 
122 263 275 3 
123 50 116 3 
124 136 210 1 
125 224 294 3 
126 14 26 2 
127 49 101 1 
128 135 161 2 
129 250 262 3 
130 293 295 3 
131 298 13 2 
132 25 231 2 
133 249 261 2 
134 297 42 2 
135 134 184 2 
136 5 89 2 
137 125 173 2 
138 203 281 1 
139 274 8 2 
140 19 37 2 
141 43 77 2 
142 153 243 2 
143 94 100 1 
144 122 178 3 
145 268 292 1 
146 74 85 2 
147 105 150 1 
148 227 256 1 
149 47 191 2 
