张角 3 3 2 0 51 52 47 58
张宝 1 6 1 0 5 6 9 30
张梁 1 6 1 0 30 29 44 5
马元义 3 5 2 0 2 1 55 50
唐周 0 6 1 0 37 38 35 53
何进 2 6 2 0 43 44 29 33
卢植 3 5 0 0 23 24 25 47
皇甫嵩 1 5 2 0 15 16 13 26
朱隽 0 6 2 0 42 41 34 52
刘焉 4 2 1 0 50 49 54 2
邹靖 4 3 1 0 31 32 33 4
刘备 0 8 2 0 12 11 20 3
刘元起 1 7 2 0 32 31 28 41
郑玄 2 4 1 0 35 36 37 29
张飞 2 6 3 0 36 35 22 10
关羽 2 4 1 0 38 37 40 59
张世平 0 8 2 0 49 50 39 46
苏双 2 6 1 0 19 20 27 7
程远志 1 5 1 0 13 14 15 25
邓茂 1 6 2 0 60 59 58 17
龚景 3 4 2 0 9 10 5 44
曹操 0 8 1 0 46 45 48 49
乔玄 4 3 2 0 27 28 19 22
何颙 0 7 2 0 52 51 56 42
许邵 4 3 1 0 22 21 36 27
蹇硕 0 8 1 0 3 4 1 12
左丰 3 5 1 0 47 48 51 23
董卓 1 5 1 0 25 26 23 13
高升 4 2 2 0 45 46 41 11
严政 0 6 2 0 53 54 8 37
赵弘 2 6 0 0 39 40 49 57
韩忠 2 5 2 0 56 55 52 16
孙仲 2 4 2 0 20 19 12 1
孙坚 2 5 3 0 48 47 46 14
许昌 2 4 2 0 59 60 57 38
许韶 2 4 2 0 34 33 42 8
张钧 2 4 1 0 41 42 45 32
督邮 2 4 1 0 8 7 53 34
刘恢 3 4 1 0 58 57 60 51
张让 4 3 3 0 18 17 16 40
区星 3 5 1 0 24 23 26 55
张举 3 5 2 0 55 56 2 24
张纯 4 4 2 0 40 39 38 18
刘陶 1 7 2 0 28 27 32 21
陈耽 3 4 2 0 44 43 30 9
刘虞 2 5 2 0 16 15 18 56
公孙瓒 2 5 1 0 1 2 3 20
刘辨 1 5 2 0 26 25 24 15
刘协 4 2 1 0 4 3 14 31
潘隐 2 5 2 0 14 13 4 48
陈琳 2 4 0 0 29 30 43 35
牛辅 2 4 2 0 54 53 50 6
李傕 2 6 1 0 33 34 31 43
郭汜 2 6 2 0 10 9 6 36
张济 2 6 0 0 7 8 11 19
樊稠 2 6 1 0 57 58 59 39
李儒 1 7 1 0 21 22 17 28
袁术 1 7 1 0 17 18 21 60
段珪 4 2 1 0 11 12 7 45
吴匡 2 4 2 0 6 5 10 54
