张角 5 27 3 0 51 52 47 9 8 38
张宝 2 27 2 0 5 6 9 30 42 37
张梁 3 31 3 0 30 29 44 5 56 59
马元义 7 35 3 0 2 1 55 24 40 4
唐周 2 27 3 0 37 38 35 53 15 5
何进 5 32 2 0 43 44 29 33 27 9
卢植 5 33 2 0 23 24 25 47 18 27
皇甫嵩 4 21 2 0 15 16 13 26 37 7
朱隽 2 23 2 0 42 41 34 52 5 12
刘焉 5 30 3 0 50 49 54 31 29 56
邹靖 6 26 2 0 31 32 33 50 22 11
刘备 1 36 3 0 12 11 20 3 53 42
刘元起 3 35 2 0 32 31 28 29 21 1
郑玄 5 24 2 0 35 36 37 41 34 48
张飞 4 38 3 0 36 35 22 10 33 8
关羽 5 27 2 0 38 37 40 34 28 51
张世平 3 26 2 0 49 50 39 46 52 34
苏双 4 35 2 0 19 20 27 7 24 58
程远志 2 31 2 0 13 14 15 25 26 6
邓茂 3 28 3 0 60 59 58 17 48 3
龚景 5 31 3 0 9 10 5 51 57 43
曹操 1 31 3 0 46 45 48 49 17 21
乔玄 5 33 3 0 27 28 19 22 43 23
何颙 1 30 3 0 52 51 56 42 49 53
许邵 6 26 2 0 22 21 36 27 31 20
蹇硕 3 28 2 0 3 4 1 12 59 60
左丰 5 35 2 0 47 48 51 23 1 40
董卓 4 27 2 0 25 26 23 13 6 41
高升 4 29 3 0 45 46 41 11 14 39
严政 1 27 4 0 53 54 8 37 12 52
赵弘 4 31 2 0 39 40 49 57 16 45
韩忠 5 30 3 0 56 55 52 48 30 50
孙仲 6 20 2 0 20 19 12 59 7 22
孙坚 5 26 3 0 48 47 46 56 60 35
许昌 3 32 2 0 59 60 57 20 3 30
许韶 3 24 2 0 34 33 42 38 35 49
张钧 4 27 2 0 41 42 45 35 54 25
督邮 5 20 3 0 8 7 53 6 51 36
刘恢 4 33 3 0 58 57 60 44 4 19
张让 7 26 3 0 18 17 16 40 23 55
区星 4 37 2 0 24 23 26 2 19 44
张举 7 41 2 0 55 56 2 4 11 18
张纯 5 37 3 0 40 39 38 18 2 47
刘陶 3 27 3 0 28 27 32 21 38 17
陈耽 4 33 3 0 44 43 30 58 10 24
刘虞 2 37 2 0 16 15 18 14 39 33
公孙瓒 3 34 3 0 1 2 3 54 47 32
刘辨 4 26 2 0 26 25 24 15 13 54
刘协 6 33 3 0 4 3 14 55 58 2
潘隐 6 27 3 0 14 13 4 16 45 10
陈琳 5 28 2 0 29 30 43 32 50 57
牛辅 4 24 3 0 54 53 50 1 41 26
李傕 2 37 3 0 33 34 31 43 36 16
郭汜 6 29 3 0 10 9 6 36 44 14
张济 3 40 2 0 7 8 11 19 20 15
樊稠 5 30 2 0 57 58 59 39 9 29
李儒 1 32 2 0 21 22 17 28 32 46
袁术 3 28 2 0 17 18 21 60 46 28
段珪 6 24 2 0 11 12 7 45 55 31
吴匡 2 30 3 0 6 5 10 8 25 13
