张角 4 13 2 0 51 52 47 58 54
张宝 1 16 2 0 5 6 9 30 60
张梁 3 14 2 0 30 29 44 5 17
马元义 4 15 2 0 2 1 55 50 10
唐周 0 13 2 0 37 38 35 53 46
何进 3 16 3 0 43 44 29 33 55
卢植 3 16 1 0 23 24 25 47 44
皇甫嵩 1 13 2 0 15 16 13 26 25
朱隽 1 12 2 0 42 41 34 52 12
刘焉 5 12 2 0 50 49 54 2 27
邹靖 5 13 2 0 31 32 33 4 9
刘备 0 18 3 0 12 11 20 3 42
刘元起 2 16 2 0 32 31 28 41 57
郑玄 2 10 2 0 35 36 37 29 34
张飞 2 17 3 0 36 35 22 10 49
关羽 3 13 1 0 38 37 40 59 41
张世平 2 17 3 0 49 50 39 46 36
苏双 2 19 2 0 19 20 27 7 59
程远志 3 11 2 0 13 14 15 25 26
邓茂 1 16 2 0 60 59 58 17 5
龚景 5 12 2 0 9 10 5 44 31
曹操 0 18 1 0 46 45 48 49 37
乔玄 5 11 2 0 27 28 19 22 50
何颙 1 16 3 0 52 51 56 42 28
许邵 5 13 2 0 22 21 36 27 4
蹇硕 2 15 2 0 3 4 1 12 16
左丰 5 14 2 0 47 48 51 23 24
董卓 1 14 2 0 25 26 23 13 15
高升 6 9 3 0 45 46 41 11 40
严政 2 14 2 0 53 54 8 37 6
赵弘 4 16 1 0 39 40 49 57 7
韩忠 4 11 2 0 56 55 52 16 29
孙仲 4 8 2 0 20 19 12 1 58
孙坚 2 14 3 0 48 47 46 14 1
许昌 3 10 2 0 59 60 57 38 19
许韶 2 12 2 0 34 33 42 8 35
张钧 3 13 2 0 41 42 45 32 38
督邮 4 12 1 0 8 7 53 34 11
刘恢 4 11 2 0 58 57 60 51 20
张让 4 14 3 0 18 17 16 40 14
区星 5 14 1 0 24 23 26 55 47
张举 3 18 2 0 55 56 2 24 43
张纯 6 15 2 0 40 39 38 18 45
刘陶 1 17 2 0 28 27 32 21 52
陈耽 3 15 2 0 44 43 30 9 23
刘虞 2 14 2 0 16 15 18 56 3
公孙瓒 2 15 2 0 1 2 3 20 48
刘辨 3 12 2 0 26 25 24 15 13
刘协 5 13 1 0 4 3 14 31 22
潘隐 4 15 3 0 14 13 4 48 18
陈琳 4 12 1 0 29 30 43 35 56
牛辅 4 13 3 0 54 53 50 6 51
李傕 3 16 2 0 33 34 31 43 21
郭汜 4 15 3 0 10 9 6 36 2
张济 4 16 0 0 7 8 11 19 39
樊稠 2 17 2 0 57 58 59 39 32
李儒 3 16 1 0 21 22 17 28 33
袁术 3 15 1 0 17 18 21 60 30
段珪 4 12 2 0 11 12 7 45 8
吴匡 2 13 3 0 6 5 10 54 53
