张角 0 0 0 0 51 52
张宝 0 0 0 0 5 6
张梁 0 0 1 0 30 29
马元义 0 0 1 0 2 1
唐周 0 0 0 0 37 38
何进 0 0 0 0 43 44
卢植 0 0 0 0 23 24
皇甫嵩 0 0 0 0 15 16
朱隽 0 0 1 0 42 41
刘焉 0 0 1 0 50 49
邹靖 0 0 0 0 31 32
刘备 0 0 1 0 12 11
刘元起 0 0 1 0 32 31
郑玄 0 0 0 0 35 36
张飞 0 0 1 0 36 35
关羽 0 0 1 0 38 37
张世平 0 0 0 0 49 50
苏双 0 0 0 0 19 20
程远志 0 0 0 0 13 14
邓茂 0 0 1 0 60 59
龚景 0 0 0 0 9 10
曹操 0 0 1 0 46 45
乔玄 0 0 0 0 27 28
何颙 0 0 1 0 52 51
许邵 0 0 1 0 22 21
蹇硕 0 0 0 0 3 4
左丰 0 0 0 0 47 48
董卓 0 0 0 0 25 26
高升 0 0 0 0 45 46
严政 0 0 0 0 53 54
赵弘 0 0 0 0 39 40
韩忠 0 0 1 0 56 55
孙仲 0 0 1 0 20 19
孙坚 0 0 1 0 48 47
许昌 0 0 0 0 59 60
许韶 0 0 1 0 34 33
张钧 0 0 0 0 41 42
督邮 0 0 1 0 8 7
刘恢 0 0 1 0 58 57
张让 0 0 1 0 18 17
区星 0 0 1 0 24 23
张举 0 0 0 0 55 56
张纯 0 0 1 0 40 39
刘陶 0 0 1 0 28 27
陈耽 0 0 1 0 44 43
刘虞 0 0 1 0 16 15
公孙瓒 0 0 0 0 1 2
刘辨 0 0 1 0 26 25
刘协 0 0 1 0 4 3
潘隐 0 0 1 0 14 13
陈琳 0 0 0 0 29 30
牛辅 0 0 1 0 54 53
李傕 0 0 0 0 33 34
郭汜 0 0 1 0 10 9
张济 0 0 0 0 7 8
樊稠 0 0 0 0 57 58
李儒 0 0 0 0 21 22
袁术 0 0 0 0 17 18
段珪 0 0 0 0 11 12
吴匡 0 0 1 0 6 5
