张角 2 0 1 0 51 52 47
张宝 1 1 0 0 5 6 9
张梁 1 1 1 0 30 29 44
马元义 2 0 1 0 2 1 55
唐周 0 2 1 0 37 38 35
何进 1 1 1 0 43 44 29
卢植 1 1 0 0 23 24 25
皇甫嵩 0 2 1 0 15 16 13
朱隽 0 2 2 0 42 41 34
刘焉 2 0 1 0 50 49 54
邹靖 2 0 0 0 31 32 33
刘备 0 2 1 0 12 11 20
刘元起 0 2 2 0 32 31 28
郑玄 0 2 0 0 35 36 37
张飞 2 0 2 0 36 35 22
关羽 2 0 1 0 38 37 40
张世平 0 2 1 0 49 50 39
苏双 2 0 0 0 19 20 27
程远志 0 2 0 0 13 14 15
邓茂 1 1 2 0 60 59 58
龚景 1 1 1 0 9 10 5
曹操 0 2 1 0 46 45 48
乔玄 2 0 1 0 27 28 19
何颙 0 2 1 0 52 51 56
许邵 2 0 1 0 22 21 36
蹇硕 0 2 1 0 3 4 1
左丰 2 0 0 0 47 48 51
董卓 1 1 1 0 25 26 23
高升 2 0 1 0 45 46 41
严政 0 2 1 0 53 54 8
赵弘 0 2 0 0 39 40 49
韩忠 0 2 2 0 56 55 52
孙仲 0 2 2 0 20 19 12
孙坚 0 2 2 0 48 47 46
许昌 1 1 1 0 59 60 57
许韶 0 2 1 0 34 33 42
张钧 2 0 0 0 41 42 45
督邮 0 2 1 0 8 7 53
刘恢 1 1 1 0 58 57 60
张让 2 0 2 0 18 17 16
区星 1 1 1 0 24 23 26
张举 2 0 1 0 55 56 2
张纯 2 0 2 0 40 39 38
刘陶 0 2 1 0 28 27 32
陈耽 1 1 2 0 44 43 30
刘虞 2 0 1 0 16 15 18
公孙瓒 0 2 0 0 1 2 3
刘辨 1 1 2 0 26 25 24
刘协 2 0 1 0 4 3 14
潘隐 2 0 2 0 14 13 4
陈琳 1 1 0 0 29 30 43
牛辅 2 0 2 0 54 53 50
李傕 2 0 1 0 33 34 31
郭汜 1 1 2 0 10 9 6
张济 2 0 0 0 7 8 11
樊稠 1 1 0 0 57 58 59
李儒 0 2 1 0 21 22 17
袁术 0 2 0 0 17 18 21
段珪 2 0 1 0 11 12 7
吴匡 1 1 1 0 6 5 10
