张角 58 2175 3 0 23 24 21 26 17 25 28 33 16
张宝 0 3045 6 0 18 17 20 15 12 8 14 2 53
张梁 58 2175 4 0 16 15 14 12 8 32 30 25 23
马元义 29 3045 4 0 37 38 39 41 29 35 33 24 47
唐周 29 3045 4 0 49 50 51 45 55 43 42 40 7
何进 58 3045 5 0 5 6 7 9 59 58 56 3 41
卢植 0 2610 4 0 51 52 49 54 57 53 45 42 31
皇甫嵩 29 3045 4 0 6 5 8 3 4 14 1 15 40
朱隽 58 3915 3 0 11 12 9 14 15 17 13 53 42
刘焉 0 2175 2 0 29 30 31 33 37 45 59 35 2
邹靖 29 2175 4 0 56 55 54 52 2 3 5 7 20
刘备 58 3045 4 0 28 27 26 32 34 36 23 22 58
刘元起 0 3915 5 0 25 26 27 21 19 23 20 16 10
郑玄 0 3045 4 0 3 4 1 6 60 56 8 5 30
张飞 29 3045 3 0 55 56 53 58 49 57 60 19 9
关羽 58 3045 5 0 41 42 43 37 35 39 38 34 5
张世平 29 2610 4 0 24 23 22 20 32 34 36 37 60
苏双 58 4350 2 0 42 41 44 39 46 47 49 51 11
程远志 0 3045 5 0 32 31 30 28 24 16 2 50 8
邓茂 0 3915 4 0 52 51 50 56 54 44 57 58 34
龚景 29 3915 3 0 59 60 57 1 5 13 29 45 27
曹操 0 2175 3 0 4 3 2 8 6 9 54 12 22
乔玄 0 5220 4 0 43 44 41 46 47 49 35 39 48
何颙 0 3915 4 0 34 33 36 31 28 24 46 41 52
许邵 29 2175 5 0 57 58 59 53 51 55 52 47 26
蹇硕 58 2175 5 0 1 2 3 59 58 54 6 48 50
左丰 58 1305 3 0 27 28 25 30 31 33 19 21 59
董卓 0 4350 3 0 10 9 12 7 14 15 17 13 25
高升 29 2175 2 0 45 46 47 49 53 29 51 59 19
严政 0 3045 5 0 30 29 32 27 26 22 16 46 3
赵弘 29 2175 3 0 20 19 18 24 22 12 25 26 56
韩忠 29 3480 5 0 17 18 19 13 23 11 10 9 15
孙仲 0 2610 5 0 8 7 6 4 16 18 3 14 32
孙坚 0 2175 4 0 31 32 29 34 27 26 22 36 51
许昌 29 3045 5 0 47 48 45 50 43 42 40 57 37
许韶 0 5220 4 0 38 37 40 35 36 46 41 44 54
张钧 29 1740 3 0 54 53 56 51 52 1 4 60 38
督邮 0 2175 4 0 22 21 24 19 20 30 31 28 4
刘恢 29 3045 4 0 7 8 5 10 9 60 12 56 49
张让 0 1740 5 0 2 1 4 60 56 48 32 18 29
区星 58 2175 3 0 35 36 33 38 41 37 43 29 46
张举 29 2610 4 0 60 59 58 2 3 7 55 54 24
张纯 29 3480 4 0 40 39 38 36 48 50 47 49 6
刘陶 58 2610 4 0 12 11 10 16 18 20 7 4 44
陈耽 29 2175 2 0 19 20 17 22 25 21 27 55 45
刘虞 58 1305 6 0 46 45 48 43 42 38 34 30 35
公孙瓒 58 3045 5 0 58 57 60 55 1 5 53 52 28
刘辨 58 3045 4 0 13 14 15 17 21 59 11 10 36
刘协 58 2175 6 0 50 49 52 47 44 40 48 32 1
潘隐 29 3045 3 0 9 10 11 5 7 4 15 17 55
陈琳 58 3480 3 0 39 40 37 42 33 41 44 43 14
牛辅 0 4350 4 0 48 47 46 44 40 2 50 1 43
李傕 58 2610 5 0 36 35 34 40 38 28 24 31 13
郭汜 0 3480 3 0 21 22 23 25 13 19 26 27 33
张济 58 2610 5 0 44 43 42 48 50 52 39 38 12
樊稠 0 3915 3 0 33 34 35 29 39 27 37 23 21
李儒 29 3480 5 0 15 16 13 18 11 10 9 6 17
袁术 29 2175 5 0 26 25 28 23 30 31 21 20 57
段珪 58 3045 5 0 14 13 16 11 10 6 18 8 39
吴匡 0 3480 3 0 53 54 55 57 45 51 58 11 18
