张角 59 213 4 0 23 24 21 26 17 25 28 33 16 1
张宝 1 210 6 0 18 17 20 15 12 8 14 2 53 43
张梁 59 213 5 0 16 15 14 12 8 32 30 25 23 50
马元义 29 242 5 0 37 38 39 41 29 35 33 24 47 40
唐周 29 235 5 0 49 50 51 45 55 43 42 40 7 57
何进 59 273 5 0 5 6 7 9 59 58 56 3 41 28
卢植 0 180 5 0 51 52 49 54 57 53 45 42 31 8
皇甫嵩 31 241 5 0 6 5 8 3 4 14 1 15 40 44
朱隽 58 330 4 0 11 12 9 14 15 17 13 53 42 46
刘焉 2 150 3 0 29 30 31 33 37 45 59 35 2 53
邹靖 31 182 4 0 56 55 54 52 2 3 5 7 20 9
刘备 59 269 5 0 28 27 26 32 34 36 23 22 58 5
刘元起 2 269 5 0 25 26 27 21 19 23 20 16 10 33
郑玄 2 212 5 0 3 4 1 6 60 56 8 5 30 52
张飞 29 241 3 0 55 56 53 58 49 57 60 19 9 20
关羽 59 264 6 0 41 42 43 37 35 39 38 34 5 58
张世平 30 207 5 0 24 23 22 20 32 34 36 37 60 17
苏双 58 352 3 0 42 41 44 39 46 47 49 51 11 35
程远志 2 209 5 0 32 31 30 28 24 16 2 50 8 4
邓茂 2 266 4 0 52 51 50 56 54 44 57 58 34 3
龚景 29 328 4 0 59 60 57 1 5 13 29 45 27 54
曹操 2 154 4 0 4 3 2 8 6 9 54 12 22 32
乔玄 0 355 5 0 43 44 41 46 47 49 35 39 48 18
何颙 0 271 4 0 34 33 36 31 28 24 46 41 52 10
许邵 29 182 5 0 57 58 59 53 51 55 52 47 26 49
蹇硕 59 212 5 0 1 2 3 59 58 54 6 48 50 23
左丰 60 125 4 0 27 28 25 30 31 33 19 21 59 13
董卓 0 304 4 0 10 9 12 7 14 15 17 13 25 34
高升 29 182 3 0 45 46 47 49 53 29 51 59 19 48
严政 0 215 5 0 30 29 32 27 26 22 16 46 3 21
赵弘 29 186 4 0 20 19 18 24 22 12 25 26 56 55
韩忠 30 270 5 0 17 18 19 13 23 11 10 9 15 24
孙仲 0 188 5 0 8 7 6 4 16 18 3 14 32 51
孙坚 2 153 4 0 31 32 29 34 27 26 22 36 51 38
许昌 31 235 5 0 47 48 45 50 43 42 40 57 37 7
许韶 1 381 5 0 38 37 40 35 36 46 41 44 54 31
张钧 30 126 3 0 54 53 56 51 52 1 4 60 38 59
督邮 0 153 5 0 22 21 24 19 20 30 31 28 4 2
刘恢 31 240 5 0 7 8 5 10 9 60 12 56 49 47
张让 0 129 5 0 2 1 4 60 56 48 32 18 29 22
区星 59 210 3 0 35 36 33 38 41 37 43 29 46 42
张举 30 210 5 0 60 59 58 2 3 7 55 54 24 15
张纯 29 269 4 0 40 39 38 36 48 50 47 49 6 37
刘陶 60 238 5 0 12 11 10 16 18 20 7 4 44 14
陈耽 31 179 3 0 19 20 17 22 25 21 27 55 45 26
刘虞 59 149 6 0 46 45 48 43 42 38 34 30 35 11
公孙瓒 59 268 5 0 58 57 60 55 1 5 53 52 28 41
刘辨 60 265 4 0 13 14 15 17 21 59 11 10 36 27
刘协 59 212 6 0 50 49 52 47 44 40 48 32 1 16
潘隐 31 239 4 0 9 10 11 5 7 4 15 17 55 56
陈琳 58 295 4 0 39 40 37 42 33 41 44 43 14 36
牛辅 2 295 4 0 48 47 46 44 40 2 50 1 43 45
李傕 58 240 5 0 36 35 34 40 38 28 24 31 13 39
郭汜 0 245 4 0 21 22 23 25 13 19 26 27 33 30
张济 58 240 5 0 44 43 42 48 50 52 39 38 12 6
樊稠 2 267 4 0 33 34 35 29 39 27 37 23 21 25
李儒 30 270 5 0 15 16 13 18 11 10 9 6 17 60
袁术 31 180 5 0 26 25 28 23 30 31 21 20 57 19
段珪 60 267 5 0 14 13 16 11 10 6 18 8 39 12
吴匡 1 235 3 0 53 54 55 57 45 51 58 11 18 29
