张角 65 580 7 0 23 24 21 26 17 25 28 33 16 1 5 35 42 27 14
张宝 5 279 7 0 18 17 20 15 12 8 14 2 53 43 32 48 4 31 22
张梁 64 568 7 0 16 15 14 12 8 32 30 25 23 50 41 13 35 39 58
马元义 36 456 6 0 37 38 39 41 29 35 33 24 47 40 17 15 55 49 56
唐周 34 451 8 0 49 50 51 45 55 43 42 40 7 57 60 9 6 37 54
何进 68 642 7 0 5 6 7 9 59 58 56 3 41 28 23 14 27 42 13
卢植 4 231 7 0 51 52 49 54 57 53 45 42 31 8 22 30 30 30 34
皇甫嵩 37 480 7 0 6 5 8 3 4 14 1 15 40 44 59 54 49 9 19
朱隽 61 632 7 0 11 12 9 14 15 17 13 53 42 46 7 56 36 50 44
刘焉 9 274 8 0 29 30 31 33 37 45 59 35 2 53 3 20 25 26 21
邹靖 36 440 7 0 56 55 54 52 2 3 5 7 20 9 19 11 17 24 37
刘备 63 626 8 0 28 27 26 32 34 36 23 22 58 5 42 50 1 41 35
刘元起 7 381 6 0 25 26 27 21 19 23 20 16 10 33 57 32 29 3 4
郑玄 9 285 7 0 3 4 1 6 60 56 8 5 30 52 29 31 32 25 20
张飞 35 454 7 0 55 56 53 58 49 57 60 19 9 20 15 24 37 54 17
关羽 64 628 7 0 41 42 43 37 35 39 38 34 5 58 16 36 14 28 46
张世平 37 425 6 0 24 23 22 20 32 34 36 37 60 17 26 55 19 56 9
苏双 64 710 7 0 42 41 44 39 46 47 49 51 11 35 28 58 23 5 12
程远志 7 281 7 0 32 31 30 28 24 16 2 50 8 4 18 25 3 48 33
邓茂 4 331 6 0 52 51 50 56 54 44 57 58 34 3 21 33 53 8 30
龚景 33 553 6 0 59 60 57 1 5 13 29 45 27 54 6 17 9 47 26
曹操 7 232 7 0 4 3 2 8 6 9 54 12 22 32 31 38 18 10 25
乔玄 4 420 7 0 43 44 41 46 47 49 35 39 48 18 53 2 8 33 38
何颙 4 331 7 0 34 33 36 31 28 24 46 41 52 10 30 8 22 53 51
许邵 34 352 7 0 57 58 59 53 51 55 52 47 26 49 25 40 15 60 45
蹇硕 62 570 8 0 1 2 3 59 58 54 6 48 50 23 39 44 28 46 36
左丰 67 494 7 0 27 28 25 30 31 33 19 21 59 13 14 12 5 23 39
董卓 8 380 7 0 10 9 12 7 14 15 17 13 25 34 33 21 38 4 2
高升 33 362 7 0 45 46 47 49 53 29 51 59 19 48 54 26 60 15 57
严政 2 283 7 0 30 29 32 27 26 22 16 46 3 21 34 51 51 51 52
赵弘 32 320 7 0 20 19 18 24 22 12 25 26 56 55 40 29 21 2 3
韩忠 36 495 7 0 17 18 19 13 23 11 10 9 15 24 37 59 56 7 55
孙仲 4 259 7 0 8 7 6 4 16 18 3 14 32 51 2 34 43 52 53
孙坚 7 227 7 0 31 32 29 34 27 26 22 36 51 38 4 3 2 18 48
许昌 35 449 7 0 47 48 45 50 43 42 40 57 37 7 9 60 54 59 15
许韶 5 452 7 0 38 37 40 35 36 46 41 44 54 31 48 4 10 22 43
张钧 35 330 7 0 54 53 56 51 52 1 4 60 38 59 45 6 47 55 49
督邮 6 222 7 0 22 21 24 19 20 30 31 28 4 2 51 53 34 38 18
刘恢 40 516 7 0 7 8 5 10 9 60 12 56 49 47 11 19 44 17 50
张让 9 220 7 0 2 1 4 60 56 48 32 18 29 22 8 43 31 20 10
区星 64 569 7 0 35 36 33 38 41 37 43 29 46 42 50 23 16 14 28
张举 35 431 6 0 60 59 58 2 3 7 55 54 24 15 49 47 45 57 40
张纯 32 450 7 0 40 39 38 36 48 50 47 49 6 37 20 57 26 21 60
刘陶 64 602 8 0 12 11 10 16 18 20 7 4 44 14 58 27 46 13 42
陈耽 38 432 7 0 19 20 17 22 25 21 27 55 45 26 56 7 24 44 6
刘虞 63 500 8 0 46 45 48 43 42 38 34 30 35 11 13 39 12 1 41
公孙瓒 63 621 7 0 58 57 60 55 1 5 53 52 28 41 12 42 50 36 16
刘辨 66 633 7 0 13 14 15 17 21 59 11 10 36 27 46 16 39 12 5
刘协 61 556 6 0 50 49 52 47 44 40 48 32 1 16 35 28 58 11 7
潘隐 36 464 7 0 9 10 11 5 7 4 15 17 55 56 47 49 59 6 24
陈琳 65 650 7 0 39 40 37 42 33 41 44 43 14 36 1 46 13 16 27
牛辅 6 383 8 0 48 47 46 44 40 2 50 1 43 45 38 18 33 32 31
李傕 63 592 7 0 36 35 34 40 38 28 24 31 13 39 44 41 11 58 1
郭汜 10 365 7 0 21 22 23 25 13 19 26 27 33 30 52 10 20 40 29
张济 61 513 7 0 44 43 42 48 50 52 39 38 12 6 36 1 7 19 11
樊稠 6 349 8 0 33 34 35 29 39 27 37 23 21 25 10 52 48 43 32
李儒 34 486 7 0 15 16 13 18 11 10 9 6 17 60 55 37 57 45 47
袁术 32 369 7 0 26 25 28 23 30 31 21 20 57 19 24 45 40 29 59
段珪 65 637 6 0 14 13 16 11 10 6 18 8 39 12 27 5 41 35 23
吴匡 4 297 7 0 53 54 55 57 45 51 58 11 18 29 43 22 52 34 8
