张角 64 427 5 0 23 24 21 26 17 25 28 33 16 1 5 35 42
张宝 5 244 6 0 18 17 20 15 12 8 14 2 53 43 32 48 4
张梁 63 423 6 0 16 15 14 12 8 32 30 25 23 50 41 13 35
马元义 33 364 6 0 37 38 39 41 29 35 33 24 47 40 17 15 55
唐周 34 356 6 0 49 50 51 45 55 43 42 40 7 57 60 9 6
何进 64 485 7 0 5 6 7 9 59 58 56 3 41 28 23 14 27
卢植 0 212 6 0 51 52 49 54 57 53 45 42 31 8 22 30 30
皇甫嵩 33 388 6 0 6 5 8 3 4 14 1 15 40 44 59 54 49
朱隽 59 486 6 0 11 12 9 14 15 17 13 53 42 46 7 56 36
刘焉 7 216 6 0 29 30 31 33 37 45 59 35 2 53 3 20 25
邹靖 35 338 6 0 56 55 54 52 2 3 5 7 20 9 19 11 17
刘备 60 480 7 0 28 27 26 32 34 36 23 22 58 5 42 50 1
刘元起 6 341 6 0 25 26 27 21 19 23 20 16 10 33 57 32 29
郑玄 5 249 6 0 3 4 1 6 60 56 8 5 30 52 29 31 32
张飞 33 361 6 0 55 56 53 58 49 57 60 19 9 20 15 24 37
关羽 62 476 6 0 41 42 43 37 35 39 38 34 5 58 16 36 14
张世平 35 331 5 0 24 23 22 20 32 34 36 37 60 17 26 55 19
苏双 63 553 6 0 42 41 44 39 46 47 49 51 11 35 28 58 23
程远志 6 251 7 0 32 31 30 28 24 16 2 50 8 4 18 25 3
邓茂 2 299 5 0 52 51 50 56 54 44 57 58 34 3 21 33 53
龚景 33 458 6 0 59 60 57 1 5 13 29 45 27 54 6 17 9
曹操 5 194 6 0 4 3 2 8 6 9 54 12 22 32 31 38 18
乔玄 2 390 7 0 43 44 41 46 47 49 35 39 48 18 53 2 8
何颙 3 299 6 0 34 33 36 31 28 24 46 41 52 10 30 8 22
许邵 32 263 6 0 57 58 59 53 51 55 52 47 26 49 25 40 15
蹇硕 61 420 6 0 1 2 3 59 58 54 6 48 50 23 39 44 28
左丰 65 339 6 0 27 28 25 30 31 33 19 21 59 13 14 12 5
董卓 4 343 6 0 10 9 12 7 14 15 17 13 25 34 33 21 38
高升 33 272 5 0 45 46 47 49 53 29 51 59 19 48 54 26 60
严政 2 251 6 0 30 29 32 27 26 22 16 46 3 21 34 51 51
赵弘 31 282 5 0 20 19 18 24 22 12 25 26 56 55 40 29 21
韩忠 35 396 6 0 17 18 19 13 23 11 10 9 15 24 37 59 56
孙仲 3 225 6 0 8 7 6 4 16 18 3 14 32 51 2 34 43
孙坚 5 189 7 0 31 32 29 34 27 26 22 36 51 38 4 3 2
许昌 32 359 6 0 47 48 45 50 43 42 40 57 37 7 9 60 54
许韶 4 415 5 0 38 37 40 35 36 46 41 44 54 31 48 4 10
张钧 33 240 6 0 54 53 56 51 52 1 4 60 38 59 45 6 47
督邮 3 187 6 0 22 21 24 19 20 30 31 28 4 2 51 53 34
刘恢 36 394 6 0 7 8 5 10 9 60 12 56 49 47 11 19 44
张让 6 162 6 0 2 1 4 60 56 48 32 18 29 22 8 43 31
区星 62 422 6 0 35 36 33 38 41 37 43 29 46 42 50 23 16
张举 32 338 6 0 60 59 58 2 3 7 55 54 24 15 49 47 45
张纯 30 385 6 0 40 39 38 36 48 50 47 49 6 37 20 57 26
刘陶 62 451 6 0 12 11 10 16 18 20 7 4 44 14 58 27 46
陈耽 35 314 6 0 19 20 17 22 25 21 27 55 45 26 56 7 24
刘虞 62 356 7 0 46 45 48 43 42 38 34 30 35 11 13 39 12
公孙瓒 60 473 6 0 58 57 60 55 1 5 53 52 28 41 12 42 50
刘辨 63 481 6 0 13 14 15 17 21 59 11 10 36 27 46 16 39
刘协 61 413 6 0 50 49 52 47 44 40 48 32 1 16 35 28 58
潘隐 34 368 5 0 9 10 11 5 7 4 15 17 55 56 47 49 59
陈琳 62 500 7 0 39 40 37 42 33 41 44 43 14 36 1 46 13
牛辅 3 356 6 0 48 47 46 44 40 2 50 1 43 45 38 18 33
李傕 60 446 6 0 36 35 34 40 38 28 24 31 13 39 44 41 11
郭汜 6 279 6 0 21 22 23 25 13 19 26 27 33 30 52 10 20
张济 60 413 6 0 44 43 42 48 50 52 39 38 12 6 36 1 7
樊稠 4 314 6 0 33 34 35 29 39 27 37 23 21 25 10 52 48
李儒 31 394 6 0 15 16 13 18 11 10 9 6 17 60 55 37 57
袁术 31 309 6 0 26 25 28 23 30 31 21 20 57 19 24 45 40
段珪 63 483 6 0 14 13 16 11 10 6 18 8 39 12 27 5 41
吴匡 2 267 6 0 53 54 55 57 45 51 58 11 18 29 43 22 52
