张角 61 279 5 0 23 24 21 26 17 25 28 33 16 1 5
张宝 3 218 6 0 18 17 20 15 12 8 14 2 53 43 32
张梁 60 283 6 0 16 15 14 12 8 32 30 25 23 50 41
马元义 31 278 6 0 37 38 39 41 29 35 33 24 47 40 17
唐周 31 272 5 0 49 50 51 45 55 43 42 40 7 57 60
何进 61 343 5 0 5 6 7 9 59 58 56 3 41 28 23
卢植 0 188 5 0 51 52 49 54 57 53 45 42 31 8 22
皇甫嵩 32 310 5 0 6 5 8 3 4 14 1 15 40 44 59
朱隽 58 396 5 0 11 12 9 14 15 17 13 53 42 46 7
刘焉 4 161 4 0 29 30 31 33 37 45 59 35 2 53 3
邹靖 33 223 4 0 56 55 54 52 2 3 5 7 20 9 19
刘备 59 337 5 0 28 27 26 32 34 36 23 22 58 5 42
刘元起 4 282 6 0 25 26 27 21 19 23 20 16 10 33 57
郑玄 4 223 5 0 3 4 1 6 60 56 8 5 30 52 29
张飞 31 278 4 0 55 56 53 58 49 57 60 19 9 20 15
关羽 60 332 6 0 41 42 43 37 35 39 38 34 5 58 16
张世平 31 245 5 0 24 23 22 20 32 34 36 37 60 17 26
苏双 59 419 4 0 42 41 44 39 46 47 49 51 11 35 28
程远志 3 220 6 0 32 31 30 28 24 16 2 50 8 4 18
邓茂 2 275 4 0 52 51 50 56 54 44 57 58 34 3 21
龚景 31 367 5 0 59 60 57 1 5 13 29 45 27 54 6
曹操 3 164 4 0 4 3 2 8 6 9 54 12 22 32 31
乔玄 0 366 5 0 43 44 41 46 47 49 35 39 48 18 53
何颙 0 279 5 0 34 33 36 31 28 24 46 41 52 10 30
许邵 29 218 5 0 57 58 59 53 51 55 52 47 26 49 25
蹇硕 59 282 5 0 1 2 3 59 58 54 6 48 50 23 39
左丰 62 194 5 0 27 28 25 30 31 33 19 21 59 13 14
董卓 2 312 4 0 10 9 12 7 14 15 17 13 25 34 33
高升 31 194 3 0 45 46 47 49 53 29 51 59 19 48 54
严政 0 227 5 0 30 29 32 27 26 22 16 46 3 21 34
赵弘 29 226 5 0 20 19 18 24 22 12 25 26 56 55 40
韩忠 31 310 5 0 17 18 19 13 23 11 10 9 15 24 37
孙仲 2 200 5 0 8 7 6 4 16 18 3 14 32 51 2
孙坚 3 161 5 0 31 32 29 34 27 26 22 36 51 38 4
许昌 31 274 5 0 47 48 45 50 43 42 40 57 37 7 9
许韶 2 392 5 0 38 37 40 35 36 46 41 44 54 31 48
张钧 30 162 4 0 54 53 56 51 52 1 4 60 38 59 45
督邮 0 162 6 0 22 21 24 19 20 30 31 28 4 2 51
刘恢 33 282 5 0 7 8 5 10 9 60 12 56 49 47 11
张让 2 138 6 0 2 1 4 60 56 48 32 18 29 22 8
区星 60 278 4 0 35 36 33 38 41 37 43 29 46 42 50
张举 31 253 6 0 60 59 58 2 3 7 55 54 24 15 49
张纯 29 307 4 0 40 39 38 36 48 50 47 49 6 37 20
刘陶 60 309 6 0 12 11 10 16 18 20 7 4 44 14 58
陈耽 33 221 4 0 19 20 17 22 25 21 27 55 45 26 56
刘虞 61 212 6 0 46 45 48 43 42 38 34 30 35 11 13
公孙瓒 60 333 5 0 58 57 60 55 1 5 53 52 28 41 12
刘辨 60 338 5 0 13 14 15 17 21 59 11 10 36 27 46
刘协 60 276 6 0 50 49 52 47 44 40 48 32 1 16 35
潘隐 31 283 5 0 9 10 11 5 7 4 15 17 55 56 47
陈琳 59 361 5 0 39 40 37 42 33 41 44 43 14 36 1
牛辅 2 332 5 0 48 47 46 44 40 2 50 1 43 45 38
李傕 59 303 5 0 36 35 34 40 38 28 24 31 13 39 44
郭汜 2 253 5 0 21 22 23 25 13 19 26 27 33 30 52
张济 59 276 6 0 44 43 42 48 50 52 39 38 12 6 36
樊稠 2 283 5 0 33 34 35 29 39 27 37 23 21 25 10
李儒 31 308 5 0 15 16 13 18 11 10 9 6 17 60 55
袁术 31 220 6 0 26 25 28 23 30 31 21 20 57 19 24
段珪 62 336 5 0 14 13 16 11 10 6 18 8 39 12 27
吴匡 1 246 4 0 53 54 55 57 45 51 58 11 18 29 43
