张角 32 680 2 0 23 24 21 26 17 25 28 33
张宝 0 952 6 0 18 17 20 15 12 8 14 2
张梁 32 680 4 0 16 15 14 12 8 32 30 25
马元义 16 952 4 0 37 38 39 41 29 35 33 24
唐周 16 952 4 0 49 50 51 45 55 43 42 40
何进 32 952 4 0 5 6 7 9 59 58 56 3
卢植 0 816 3 0 51 52 49 54 57 53 45 42
皇甫嵩 16 952 4 0 6 5 8 3 4 14 1 15
朱隽 32 1224 2 0 11 12 9 14 15 17 13 53
刘焉 0 680 1 0 29 30 31 33 37 45 59 35
邹靖 16 680 3 0 56 55 54 52 2 3 5 7
刘备 32 952 4 0 28 27 26 32 34 36 23 22
刘元起 0 1224 5 0 25 26 27 21 19 23 20 16
郑玄 0 952 3 0 3 4 1 6 60 56 8 5
张飞 16 952 2 0 55 56 53 58 49 57 60 19
关羽 32 952 5 0 41 42 43 37 35 39 38 34
张世平 16 816 3 0 24 23 22 20 32 34 36 37
苏双 32 1360 2 0 42 41 44 39 46 47 49 51
程远志 0 952 5 0 32 31 30 28 24 16 2 50
邓茂 0 1224 3 0 52 51 50 56 54 44 57 58
龚景 16 1224 2 0 59 60 57 1 5 13 29 45
曹操 0 680 3 0 4 3 2 8 6 9 54 12
乔玄 0 1632 3 0 43 44 41 46 47 49 35 39
何颙 0 1224 4 0 34 33 36 31 28 24 46 41
许邵 16 680 5 0 57 58 59 53 51 55 52 47
蹇硕 32 680 4 0 1 2 3 59 58 54 6 48
左丰 32 408 3 0 27 28 25 30 31 33 19 21
董卓 0 1360 2 0 10 9 12 7 14 15 17 13
高升 16 680 1 0 45 46 47 49 53 29 51 59
严政 0 952 5 0 30 29 32 27 26 22 16 46
赵弘 16 680 3 0 20 19 18 24 22 12 25 26
韩忠 16 1088 4 0 17 18 19 13 23 11 10 9
孙仲 0 816 4 0 8 7 6 4 16 18 3 14
孙坚 0 680 4 0 31 32 29 34 27 26 22 36
许昌 16 952 4 0 47 48 45 50 43 42 40 57
许韶 0 1632 3 0 38 37 40 35 36 46 41 44
张钧 16 544 3 0 54 53 56 51 52 1 4 60
督邮 0 680 3 0 22 21 24 19 20 30 31 28
刘恢 16 952 3 0 7 8 5 10 9 60 12 56
张让 0 544 5 0 2 1 4 60 56 48 32 18
区星 32 680 2 0 35 36 33 38 41 37 43 29
张举 16 816 4 0 60 59 58 2 3 7 55 54
张纯 16 1088 3 0 40 39 38 36 48 50 47 49
刘陶 32 816 4 0 12 11 10 16 18 20 7 4
陈耽 16 680 2 0 19 20 17 22 25 21 27 55
刘虞 32 408 6 0 46 45 48 43 42 38 34 30
公孙瓒 32 952 4 0 58 57 60 55 1 5 53 52
刘辨 32 952 3 0 13 14 15 17 21 59 11 10
刘协 32 680 6 0 50 49 52 47 44 40 48 32
潘隐 16 952 3 0 9 10 11 5 7 4 15 17
陈琳 32 1088 2 0 39 40 37 42 33 41 44 43
牛辅 0 1360 4 0 48 47 46 44 40 2 50 1
李傕 32 816 5 0 36 35 34 40 38 28 24 31
郭汜 0 1088 2 0 21 22 23 25 13 19 26 27
张济 32 816 4 0 44 43 42 48 50 52 39 38
樊稠 0 1224 3 0 33 34 35 29 39 27 37 23
李儒 16 1088 5 0 15 16 13 18 11 10 9 6
袁术 16 680 4 0 26 25 28 23 30 31 21 20
段珪 32 952 5 0 14 13 16 11 10 6 18 8
吴匡 0 1088 2 0 53 54 55 57 45 51 58 11
