1 14 段珪 62 27 左丰 62 
2 5 何进 61 23 张角 61 
3 46 刘虞 61 13 刘辨 60 
4 58 公孙瓒 60 12 刘陶 60 
5 41 关羽 60 16 张梁 60 
6 50 刘协 60 35 区星 60 
7 28 刘备 59 42 苏双 59 
8 1 蹇硕 59 39 陈琳 59 
9 36 李傕 59 44 张济 59 
10 7 刘恢 33 11 朱隽 58 
11 56 邹靖 33 19 陈耽 33 
12 6 皇甫嵩 32 59 龚景 31 
13 17 韩忠 31 37 马元义 31 
14 15 李儒 31 55 张飞 31 
15 47 许昌 31 9 潘隐 31 
16 49 唐周 31 60 张举 31 
17 24 张世平 31 26 袁术 31 
18 45 高升 31 54 张钧 30 
19 40 张纯 29 20 赵弘 29 
20 57 许邵 29 25 刘元起 4 
21 3 郑玄 4 29 刘焉 4 
22 18 张宝 3 32 程远志 3 
23 4 曹操 3 31 孙坚 3 
24 38 许韶 2 48 牛辅 2 
25 10 董卓 2 33 樊稠 2 
26 52 邓茂 2 21 郭汜 2 
27 8 孙仲 2 2 张让 2 
28 43 乔玄 0 53 吴匡 1 
29 30 严政 0 34 何颙 0 
30 51 卢植 0 22 督邮 0 
